# comments
nan 23.820593 0.1 43.431137 0.1 33.804783 136.557017 0. 0.
nan 24.671518 0.1 45.454960 0.1 33.752400 136.648833 0. 0.
nan 23.612913 0.1 43.620041 0.1 33.648417 136.603667 0. 0.
nan 22.410557 0.1 41.377907 0.1 33.678067 136.467383 0. 0.
nan 26.208319 0.1 48.084503 0.1 33.477217 136.926433 0. 0.
nan 25.789415 0.1 47.021252 0.1 33.358433 136.921583 0. 0.
nan 24.816389 0.1 45.872490 0.1 33.361333 136.807217 0. 0.
nan 24.921690 0.1 45.918167 0.1 33.466417 136.803850 0. 0.
nan 24.769974 0.1 45.403397 0.1 33.058383 136.831317 0. 0.
nan 25.399126 0.1 45.787209 0.1 33.053333 136.933483 0. 0.
nan 23.922508 0.1 43.547649 0.1 33.003250 136.778983 0. 0.
nan 24.212420 0.1 43.648808 0.1 33.127850 136.818817 0. 0.
nan 23.233047 0.1 42.641964 0.1 33.220050 136.690333 0. 0.
nan 21.969601 0.1 40.230824 0.1 33.172667 136.576950 0. 0.
nan 22.168047 0.1 41.204926 0.1 33.233100 136.563050 0. 0.
nan 22.493778 0.1 41.610554 0.1 33.304500 136.595800 0. 0.
nan 21.074522 0.1 38.988312 0.1 33.484967 136.445050 0. 0.
nan 20.147762 0.1 37.176800 0.1 33.385983 136.382783 0. 0.
nan 18.860306 0.1 34.549740 0.1 33.445900 136.256433 0. 0.
nan 20.194380 0.1 37.149120 0.1 33.544400 136.332467 0. 0.
nan 23.540709 0.1 42.741211 0.1 32.950627 136.741655 0. 0.
nan 18.894239 0.1 34.676498 0.1 33.330283 136.270167 0. 0.
nan 5.452607 0.1 9.743942 0.1 33.408480 134.744900 0. 0.
nan 4.066067 0.1 7.582141 0.1 33.339293 134.864088 0. 0.
nan 5.351273 0.1 9.943113 0.1 33.248992 134.769132 0. 0.
nan 6.354153 0.1 11.778702 0.1 33.320523 134.672350 0. 0.
nan 3.872419 0.1 7.115333 0.1 33.322233 135.066732 0. 0.
nan 5.522856 0.1 10.504655 0.1 33.225200 135.169833 0. 0.
nan 5.482092 0.1 10.864037 0.1 33.175517 135.096383 0. 0.
nan 3.590189 0.1 6.884166 0.1 33.275027 134.986863 0. 0.
nan 9.251930 0.1 17.185688 0.1 33.228035 135.458452 0. 0.
nan 10.421224 0.1 19.622816 0.1 33.125067 135.524883 0. 0.
nan 9.302645 0.1 17.422390 0.1 33.083692 135.412142 0. 0.
nan 8.217710 0.1 15.655657 0.1 33.175217 135.341417 0. 0.
nan 12.354190 0.1 22.358826 0.1 33.159433 135.755700 0. 0.
nan 13.691643 0.1 24.908028 0.1 33.135933 135.858367 0. 0.
nan 14.976950 0.1 27.776663 0.1 33.141983 135.958600 0. 0.
nan 14.125300 0.1 26.686247 0.1 33.029878 135.840112 0. 0.
nan 12.192067 0.1 22.380642 0.1 33.091457 135.714368 0. 0.
nan 13.487162 0.1 24.751520 0.1 32.926983 135.774733 0. 0.
nan 14.341516 0.1 26.514265 0.1 32.891950 135.833550 0. 0.
nan 14.284226 0.1 26.280916 0.1 32.801677 135.773283 0. 0.
nan 12.931056 0.1 23.904383 0.1 32.860267 135.667000 0. 0.
nan 8.542314 0.1 15.956853 0.1 32.987950 135.225000 0. 0.
nan 10.085543 0.1 18.843233 0.1 32.882717 135.308200 0. 0.
nan 9.792657 0.1 18.372721 0.1 32.854517 135.191583 0. 0.
nan 9.285519 0.1 17.517948 0.1 32.891857 135.153747 0. 0.
nan 12.585944 0.1 23.399775 0.1 32.761517 134.516717 0. 0.
nan 12.464602 0.1 23.047260 0.1 32.708867 134.599567 0. 0.
nan 13.760592 0.1 25.337933 0.1 32.625133 134.516433 0. 0.
nan 13.968601 0.1 25.803638 0.1 32.675233 134.433400 0. 0.
nan 12.582294 0.1 22.963396 0.1 33.296480 134.194650 0. 0.
nan 12.457360 0.1 22.769661 0.1 33.295240 134.204350 0. 0.
nan 12.250598 0.1 22.284763 0.1 33.293930 134.214570 0. 0.
nan 12.026468 0.1 21.562473 0.1 33.291170 134.223480 0. 0.
nan 11.894908 0.1 21.491058 0.1 33.287430 134.232720 0. 0.
nan 11.716953 0.1 20.907787 0.1 33.284990 134.241320 0. 0.
nan 11.591011 0.1 20.676435 0.1 33.282590 134.249730 0. 0.
nan 11.481526 0.1 20.488033 0.1 33.280290 134.258190 0. 0.
nan 11.409280 0.1 20.462898 0.1 33.278060 134.266070 0. 0.
nan 11.449941 0.1 20.679995 0.1 33.271720 134.270710 0. 0.
nan 11.424568 0.1 20.636992 0.1 33.264890 134.275700 0. 0.
nan 11.383853 0.1 20.537132 0.1 33.256950 134.281510 0. 0.
nan 11.400970 0.1 20.807821 0.1 33.249410 134.287020 0. 0.
nan 11.327724 0.1 20.577805 0.1 33.241470 134.292820 0. 0.
nan 11.360393 0.1 20.824091 0.1 33.233540 134.298620 0. 0.
nan 11.336546 0.1 20.818785 0.1 33.226040 134.304090 0. 0.
nan 11.306420 0.1 20.727354 0.1 33.217880 134.308520 0. 0.
nan 11.328418 0.1 20.749825 0.1 33.209150 134.308810 0. 0.
nan 11.424927 0.1 20.974073 0.1 33.199960 134.309120 0. 0.
nan 11.459400 0.1 21.056383 0.1 33.191230 134.309410 0. 0.
nan 11.530727 0.1 21.352768 0.1 33.182240 134.309710 0. 0.
nan 11.563829 0.1 21.374716 0.1 33.173440 134.310000 0. 0.
nan 11.667365 0.1 21.673918 0.1 33.165130 134.310280 0. 0.
nan 11.688093 0.1 21.780458 0.1 33.156450 134.310570 0. 0.
nan 11.709879 0.1 21.828518 0.1 33.148210 134.310850 0. 0.
nan 11.764448 0.1 22.079462 0.1 33.139290 134.311140 0. 0.
nan 11.790729 0.1 22.004263 0.1 33.130600 134.311430 0. 0.
nan 11.879601 0.1 22.240065 0.1 33.121450 134.311740 0. 0.
nan 11.904212 0.1 22.223402 0.1 33.112290 134.312040 0. 0.
nan 11.946903 0.1 22.320908 0.1 33.103600 134.312330 0. 0.
nan 12.046041 0.1 22.633728 0.1 33.094860 134.312620 0. 0.
nan 12.111176 0.1 22.770168 0.1 33.086950 134.312880 0. 0.
nan 12.119850 0.1 22.722952 0.1 33.078630 134.313160 0. 0.
nan 12.183893 0.1 22.776936 0.1 33.070300 134.313440 0. 0.
nan 12.251640 0.1 23.034740 0.1 33.062390 134.313700 0. 0.
nan 12.265111 0.1 23.040030 0.1 33.054280 134.313970 0. 0.
nan 12.252834 0.1 22.992529 0.1 33.046760 134.314000 0. 0.
nan 12.343171 0.1 23.179415 0.1 33.038860 134.314010 0. 0.
nan 12.427515 0.1 23.384403 0.1 33.031340 134.314010 0. 0.
nan 12.506197 0.1 23.570360 0.1 33.023440 134.314010 0. 0.
nan 12.527888 0.1 23.535242 0.1 33.014400 134.314010 0. 0.
nan 12.551638 0.1 23.486835 0.1 33.004700 134.314020 0. 0.
nan 12.578437 0.1 23.471567 0.1 32.994500 134.314020 0. 0.
nan 12.648817 0.1 23.656336 0.1 32.984960 134.314930 0. 0.
nan 12.670193 0.1 23.724979 0.1 32.975560 134.319630 0. 0.
nan 12.733383 0.1 23.820822 0.1 32.967600 134.323610 0. 0.
nan 12.749261 0.1 23.918514 0.1 32.960390 134.327220 0. 0.
nan 12.763383 0.1 24.080360 0.1 32.953190 134.330820 0. 0.
nan 12.806654 0.1 23.917612 0.1 32.946340 134.334240 0. 0.
nan 12.804042 0.1 23.944723 0.1 32.939130 134.337840 0. 0.
nan 12.890442 0.1 24.190907 0.1 32.931500 134.339020 0. 0.
nan 12.977381 0.1 24.264847 0.1 32.922840 134.339020 0. 0.
nan 13.066040 0.1 24.526634 0.1 32.914590 134.339020 0. 0.
nan 13.084704 0.1 24.409618 0.1 32.905930 134.339020 0. 0.
nan 13.112329 0.1 24.459558 0.1 32.897400 134.337300 0. 0.
