# comments
nan 15.476758 0.1 28.228823 0.1 33.804783 136.557017 0. 0.
nan 15.473424 0.1 28.721285 0.1 33.752400 136.648833 0. 0.
nan 13.806400 0.1 25.762991 0.1 33.648417 136.603667 0. 0.
nan 13.415153 0.1 24.938610 0.1 33.678067 136.467383 0. 0.
nan 14.716680 0.1 27.239979 0.1 33.477217 136.926433 0. 0.
nan 13.812561 0.1 25.302725 0.1 33.358433 136.921583 0. 0.
nan 12.824079 0.1 24.161211 0.1 33.361333 136.807217 0. 0.
nan 13.475430 0.1 25.176128 0.1 33.466417 136.803850 0. 0.
nan 12.288978 0.1 22.812107 0.1 33.058383 136.831317 0. 0.
nan 12.942907 0.1 23.219078 0.1 33.053333 136.933483 0. 0.
nan 11.493632 0.1 21.076515 0.1 33.003250 136.778983 0. 0.
nan 11.722871 0.1 21.036531 0.1 33.127850 136.818817 0. 0.
nan 10.676807 0.1 19.852018 0.1 33.220050 136.690333 0. 0.
nan 9.114293 0.1 16.980427 0.1 33.172667 136.576950 0. 0.
nan 9.450230 0.1 18.207472 0.1 33.233100 136.563050 0. 0.
nan 10.204875 0.1 19.341879 0.1 33.304500 136.595800 0. 0.
nan 10.572007 0.1 19.865088 0.1 33.484967 136.445050 0. 0.
nan 8.574663 0.1 16.277943 0.1 33.385983 136.382783 0. 0.
nan 8.486238 0.1 15.890952 0.1 33.445900 136.256433 0. 0.
nan 10.693733 0.1 19.836788 0.1 33.544400 136.332467 0. 0.
nan 11.220395 0.1 20.486752 0.1 32.950627 136.741655 0. 0.
nan 6.122200 0.1 12.083163 0.1 33.330283 136.270167 0. 0.
nan 21.768833 0.1 38.872318 0.1 33.408480 134.744900 0. 0.
nan 20.485882 0.1 36.763035 0.1 33.339293 134.864088 0. 0.
nan 21.584641 0.1 38.889702 0.1 33.248992 134.769132 0. 0.
nan 22.668325 0.1 40.971386 0.1 33.320523 134.672350 0. 0.
nan 17.991943 0.1 32.128925 0.1 33.322233 135.066732 0. 0.
nan 16.820936 0.1 30.646542 0.1 33.225200 135.169833 0. 0.
nan 17.879910 0.1 32.920013 0.1 33.175517 135.096383 0. 0.
nan 18.961712 0.1 34.185246 0.1 33.275027 134.986863 0. 0.
nan 13.214624 0.1 24.318302 0.1 33.228035 135.458452 0. 0.
nan 12.442577 0.1 23.141390 0.1 33.125067 135.524883 0. 0.
nan 13.830497 0.1 25.434904 0.1 33.083692 135.412142 0. 0.
nan 14.842755 0.1 27.497816 0.1 33.175217 135.341417 0. 0.
nan 8.891802 0.1 16.025028 0.1 33.159433 135.755700 0. 0.
nan 7.534681 0.1 13.819291 0.1 33.135933 135.858367 0. 0.
nan 5.818831 0.1 11.687343 0.1 33.141983 135.958600 0. 0.
nan 8.629719 0.1 16.728533 0.1 33.029878 135.840112 0. 0.
nan 9.700867 0.1 17.765085 0.1 33.091457 135.714368 0. 0.
nan 9.761824 0.1 17.923935 0.1 32.926983 135.774733 0. 0.
nan 9.556290 0.1 17.754478 0.1 32.891950 135.833550 0. 0.
nan 10.875264 0.1 20.084097 0.1 32.801677 135.773283 0. 0.
nan 11.379299 0.1 20.998533 0.1 32.860267 135.667000 0. 0.
nan 16.168379 0.1 29.632959 0.1 32.987950 135.225000 0. 0.
nan 15.378971 0.1 28.244856 0.1 32.882717 135.308200 0. 0.
nan 16.909521 0.1 31.082628 0.1 32.854517 135.191583 0. 0.
nan 17.300638 0.1 31.821449 0.1 32.891857 135.153747 0. 0.
nan 25.188749 0.1 45.936062 0.1 32.761517 134.516717 0. 0.
nan 24.226213 0.1 44.076969 0.1 32.708867 134.599567 0. 0.
nan 25.370117 0.1 46.083023 0.1 32.625133 134.516433 0. 0.
nan 26.299248 0.1 47.847260 0.1 32.675233 134.433400 0. 0.
nan 28.267653 0.1 51.063614 0.1 33.296480 134.194650 0. 0.
nan 28.145077 0.1 50.869492 0.1 33.295240 134.204350 0. 0.
nan 27.933931 0.1 50.380440 0.1 33.293930 134.214570 0. 0.
nan 27.708279 0.1 49.660618 0.1 33.291170 134.223480 0. 0.
nan 27.575081 0.1 49.581848 0.1 33.287430 134.232720 0. 0.
nan 27.398962 0.1 48.999168 0.1 33.284990 134.241320 0. 0.
nan 27.270716 0.1 48.769138 0.1 33.282590 134.249730 0. 0.
nan 27.159300 0.1 48.578369 0.1 33.280290 134.258190 0. 0.
nan 27.081556 0.1 48.547192 0.1 33.278060 134.266070 0. 0.
nan 27.117939 0.1 48.752403 0.1 33.271720 134.270710 0. 0.
nan 27.077719 0.1 48.675407 0.1 33.264890 134.275700 0. 0.
nan 27.023449 0.1 48.550442 0.1 33.256950 134.281510 0. 0.
nan 27.027348 0.1 48.795910 0.1 33.249410 134.287020 0. 0.
nan 26.939047 0.1 48.539486 0.1 33.241470 134.292820 0. 0.
nan 26.954599 0.1 48.751240 0.1 33.233540 134.298620 0. 0.
nan 26.913183 0.1 48.705017 0.1 33.226040 134.304090 0. 0.
nan 26.856787 0.1 48.566734 0.1 33.217880 134.308520 0. 0.
nan 26.847832 0.1 48.538013 0.1 33.209150 134.308810 0. 0.
nan 26.916460 0.1 48.713142 0.1 33.199960 134.309120 0. 0.
nan 26.933329 0.1 48.760166 0.1 33.191230 134.309410 0. 0.
nan 26.983278 0.1 49.008720 0.1 33.182240 134.309710 0. 0.
nan 26.985323 0.1 48.974159 0.1 33.173440 134.310000 0. 0.
nan 27.067389 0.1 49.232216 0.1 33.165130 134.310280 0. 0.
nan 27.063301 0.1 49.296295 0.1 33.156450 134.310570 0. 0.
nan 27.047199 0.1 49.279282 0.1 33.148210 134.310850 0. 0.
nan 27.083828 0.1 49.499718 0.1 33.139290 134.311140 0. 0.
nan 27.073221 0.1 49.350594 0.1 33.130600 134.311430 0. 0.
nan 27.123173 0.1 49.522434 0.1 33.121450 134.311740 0. 0.
nan 27.108095 0.1 49.435303 0.1 33.112290 134.312040 0. 0.
nan 27.130234 0.1 49.493988 0.1 33.103600 134.312330 0. 0.
nan 27.187532 0.1 49.726234 0.1 33.094860 134.312620 0. 0.
nan 27.217699 0.1 49.815022 0.1 33.086950 134.312880 0. 0.
nan 27.204967 0.1 49.723331 0.1 33.078630 134.313160 0. 0.
nan 27.213799 0.1 49.678661 0.1 33.070300 134.313440 0. 0.
nan 27.266499 0.1 49.909336 0.1 33.062390 134.313700 0. 0.
nan 27.233919 0.1 49.829132 0.1 33.054280 134.313970 0. 0.
nan 27.209738 0.1 49.756050 0.1 33.046760 134.314000 0. 0.
nan 27.249023 0.1 49.850067 0.1 33.038860 134.314010 0. 0.
nan 27.303835 0.1 50.004364 0.1 33.031340 134.314010 0. 0.
nan 27.330626 0.1 50.094067 0.1 33.023440 134.314010 0. 0.
nan 27.311100 0.1 49.977962 0.1 33.014400 134.314010 0. 0.
nan 27.301533 0.1 49.873013 0.1 33.004700 134.314020 0. 0.
nan 27.277830 0.1 49.766846 0.1 32.994500 134.314020 0. 0.
nan 27.301670 0.1 49.847324 0.1 32.984960 134.314930 0. 0.
nan 27.246861 0.1 49.783577 0.1 32.975560 134.319630 0. 0.
nan 27.282820 0.1 49.821941 0.1 32.967600 134.323610 0. 0.
nan 27.251957 0.1 49.844433 0.1 32.960390 134.327220 0. 0.
nan 27.221584 0.1 49.921173 0.1 32.953190 134.330820 0. 0.
nan 27.202160 0.1 49.652622 0.1 32.946340 134.334240 0. 0.
nan 27.168381 0.1 49.628876 0.1 32.939130 134.337840 0. 0.
nan 27.188332 0.1 49.752213 0.1 32.931500 134.339020 0. 0.
nan 27.246586 0.1 49.772411 0.1 32.922840 134.339020 0. 0.
nan 27.271080 0.1 49.929081 0.1 32.914590 134.339020 0. 0.
nan 27.230568 0.1 49.684299 0.1 32.905930 134.339020 0. 0.
nan 27.217911 0.1 49.667068 0.1 32.897400 134.337300 0. 0.
