# comments
nan 10.897176 0.1 20.214327 0.1 33.804783 136.557017 0. 0.
nan 9.690742 0.1 18.590755 0.1 33.752400 136.648833 0. 0.
nan 8.612871 0.1 16.718998 0.1 33.648417 136.603667 0. 0.
nan 10.205367 0.1 19.401871 0.1 33.678067 136.467383 0. 0.
nan 4.591827 0.1 9.297259 0.1 33.477217 136.926433 0. 0.
nan 2.907876 0.1 6.020026 0.1 33.358433 136.921583 0. 0.
nan 3.258520 0.1 7.264541 0.1 33.361333 136.807217 0. 0.
nan 4.495665 0.1 9.316552 0.1 33.466417 136.803850 0. 0.
nan 6.072699 0.1 11.729764 0.1 33.058383 136.831317 0. 0.
nan 5.612926 0.1 10.231702 0.1 33.053333 136.933483 0. 0.
nan 6.561907 0.1 12.392317 0.1 33.003250 136.778983 0. 0.
nan 4.679957 0.1 8.533783 0.1 33.127850 136.818817 0. 0.
nan 4.909944 0.1 9.787256 0.1 33.220050 136.690333 0. 0.
nan 6.439662 0.1 12.268686 0.1 33.172667 136.576950 0. 0.
nan 6.672579 0.1 13.332309 0.1 33.233100 136.563050 0. 0.
nan 5.851434 0.1 11.704004 0.1 33.304500 136.595800 0. 0.
nan 8.625809 0.1 16.585371 0.1 33.484967 136.445050 0. 0.
nan 8.871703 0.1 16.948748 0.1 33.385983 136.382783 0. 0.
nan 10.432537 0.1 19.496716 0.1 33.445900 136.256433 0. 0.
nan 10.260871 0.1 19.307669 0.1 33.544400 136.332467 0. 0.
nan 7.357727 0.1 13.669991 0.1 32.950627 136.741655 0. 0.
nan 10.161833 0.1 19.068897 0.1 33.330283 136.270167 0. 0.
nan 28.058868 0.1 50.371944 0.1 33.408480 134.744900 0. 0.
nan 26.946703 0.1 48.540291 0.1 33.339293 134.864088 0. 0.
nan 28.193871 0.1 50.925636 0.1 33.248992 134.769132 0. 0.
nan 29.104538 0.1 52.728947 0.1 33.320523 134.672350 0. 0.
nan 24.500574 0.1 43.974911 0.1 33.322233 135.066732 0. 0.
nan 23.544252 0.1 42.869129 0.1 33.225200 135.169833 0. 0.
nan 24.673923 0.1 45.262814 0.1 33.175517 135.096383 0. 0.
nan 25.566603 0.1 46.188667 0.1 33.275027 134.986863 0. 0.
nan 20.012590 0.1 36.672764 0.1 33.228035 135.458452 0. 0.
nan 19.496967 0.1 35.979214 0.1 33.125067 135.524883 0. 0.
nan 20.875811 0.1 38.234177 0.1 33.083692 135.412142 0. 0.
nan 21.702568 0.1 39.976593 0.1 33.175217 135.341417 0. 0.
nan 16.190577 0.1 29.286728 0.1 33.159433 135.755700 0. 0.
nan 15.162802 0.1 27.586557 0.1 33.135933 135.858367 0. 0.
nan 14.199580 0.1 26.390823 0.1 33.141983 135.958600 0. 0.
nan 16.048956 0.1 30.154882 0.1 33.029878 135.840112 0. 0.
nan 16.967365 0.1 30.997255 0.1 33.091457 135.714368 0. 0.
nan 16.755087 0.1 30.637409 0.1 32.926983 135.774733 0. 0.
nan 16.348795 0.1 30.119366 0.1 32.891950 135.833550 0. 0.
nan 17.446836 0.1 32.013710 0.1 32.801677 135.773283 0. 0.
nan 18.301861 0.1 33.573395 0.1 32.860267 135.667000 0. 0.
nan 23.191624 0.1 42.383934 0.1 32.987950 135.225000 0. 0.
nan 22.408514 0.1 41.019726 0.1 32.882717 135.308200 0. 0.
nan 23.913210 0.1 43.804611 0.1 32.854517 135.191583 0. 0.
nan 24.312952 0.1 44.541756 0.1 32.891857 135.153747 0. 0.
nan 32.097439 0.1 58.518826 0.1 32.761517 134.516717 0. 0.
nan 31.143053 0.1 56.670483 0.1 32.708867 134.599567 0. 0.
nan 32.256405 0.1 58.634251 0.1 32.625133 134.516433 0. 0.
nan 33.187927 0.1 60.401882 0.1 32.675233 134.433400 0. 0.
nan 34.728626 0.1 62.855831 0.1 33.296480 134.194650 0. 0.
nan 34.604008 0.1 62.663422 0.1 33.295240 134.204350 0. 0.
nan 34.398251 0.1 62.185356 0.1 33.293930 134.214570 0. 0.
nan 34.174168 0.1 61.467567 0.1 33.291170 134.223480 0. 0.
nan 34.047150 0.1 61.399319 0.1 33.287430 134.232720 0. 0.
nan 33.873039 0.1 60.816319 0.1 33.284990 134.241320 0. 0.
nan 33.747082 0.1 60.588154 0.1 33.282590 134.249730 0. 0.
nan 33.638100 0.1 60.403774 0.1 33.280290 134.258190 0. 0.
nan 33.566006 0.1 60.383968 0.1 33.278060 134.266070 0. 0.
nan 33.606586 0.1 60.599491 0.1 33.271720 134.270710 0. 0.
nan 33.579456 0.1 60.552811 0.1 33.264890 134.275700 0. 0.
nan 33.536667 0.1 60.446762 0.1 33.256950 134.281510 0. 0.
nan 33.550869 0.1 60.707466 0.1 33.249410 134.287020 0. 0.
nan 33.473152 0.1 60.466694 0.1 33.241470 134.292820 0. 0.
nan 33.498714 0.1 60.699089 0.1 33.233540 134.298620 0. 0.
nan 33.468033 0.1 60.681087 0.1 33.226040 134.304090 0. 0.
nan 33.430805 0.1 60.573643 0.1 33.217880 134.308520 0. 0.
nan 33.435490 0.1 60.568275 0.1 33.209150 134.308810 0. 0.
nan 33.513935 0.1 60.763023 0.1 33.199960 134.309120 0. 0.
nan 33.537254 0.1 60.825306 0.1 33.191230 134.309410 0. 0.
nan 33.595623 0.1 61.094173 0.1 33.182240 134.309710 0. 0.
nan 33.610928 0.1 61.082539 0.1 33.173440 134.310000 0. 0.
nan 33.700935 0.1 61.354130 0.1 33.165130 134.310280 0. 0.
nan 33.705605 0.1 61.433102 0.1 33.156450 134.310570 0. 0.
nan 33.702297 0.1 61.438538 0.1 33.148210 134.310850 0. 0.
nan 33.744091 0.1 61.670387 0.1 33.139290 134.311140 0. 0.
nan 33.743145 0.1 61.541489 0.1 33.130600 134.311430 0. 0.
nan 33.804882 0.1 61.731903 0.1 33.121450 134.311740 0. 0.
nan 33.799751 0.1 61.662239 0.1 33.112290 134.312040 0. 0.
nan 33.826653 0.1 61.729897 0.1 33.103600 134.312330 0. 0.
nan 33.893852 0.1 61.976524 0.1 33.094860 134.312620 0. 0.
nan 33.931469 0.1 62.074661 0.1 33.086950 134.312880 0. 0.
nan 33.924763 0.1 61.995316 0.1 33.078630 134.313160 0. 0.
nan 33.942928 0.1 61.968102 0.1 33.070300 134.313440 0. 0.
nan 33.997925 0.1 62.204594 0.1 33.062390 134.313700 0. 0.
nan 33.976257 0.1 62.142349 0.1 33.054280 134.313970 0. 0.
nan 33.955280 0.1 62.075287 0.1 33.046760 134.314000 0. 0.
nan 34.002743 0.1 62.186150 0.1 33.038860 134.314010 0. 0.
nan 34.061852 0.1 62.349552 0.1 33.031340 134.314010 0. 0.
nan 34.096840 0.1 62.456631 0.1 33.023440 134.314010 0. 0.
nan 34.081440 0.1 62.355839 0.1 33.014400 134.314010 0. 0.
nan 34.077477 0.1 62.263134 0.1 33.004700 134.314020 0. 0.
nan 34.060738 0.1 62.168976 0.1 32.994500 134.314020 0. 0.
nan 34.089283 0.1 62.261845 0.1 32.984960 134.314930 0. 0.
nan 34.044575 0.1 62.213711 0.1 32.975560 134.319630 0. 0.
nan 34.083584 0.1 62.255196 0.1 32.967600 134.323610 0. 0.
nan 34.057049 0.1 62.283943 0.1 32.960390 134.327220 0. 0.
nan 34.031876 0.1 62.374714 0.1 32.953190 134.330820 0. 0.
nan 34.021980 0.1 62.116909 0.1 32.946340 134.334240 0. 0.
nan 33.990665 0.1 62.097393 0.1 32.939130 134.337840 0. 0.
nan 34.015301 0.1 62.229481 0.1 32.931500 134.339020 0. 0.
nan 34.076214 0.1 62.254539 0.1 32.922840 134.339020 0. 0.
nan 34.105976 0.1 62.420067 0.1 32.914590 134.339020 0. 0.
nan 34.070606 0.1 62.186581 0.1 32.905930 134.339020 0. 0.
nan 34.060452 0.1 62.171902 0.1 32.897400 134.337300 0. 0.
