# comments
nan 9.770889 0.1 18.046679 0.1 33.804783 136.557017 0. 0.
nan 8.415649 0.1 16.185848 0.1 33.752400 136.648833 0. 0.
nan 9.546123 0.1 18.203979 0.1 33.648417 136.603667 0. 0.
nan 11.405677 0.1 21.380505 0.1 33.678067 136.467383 0. 0.
nan 8.233439 0.1 15.650372 0.1 33.477217 136.926433 0. 0.
nan 9.910229 0.1 18.229589 0.1 33.358433 136.921583 0. 0.
nan 10.659480 0.1 20.160898 0.1 33.361333 136.807217 0. 0.
nan 9.085001 0.1 17.304323 0.1 33.466417 136.803850 0. 0.
nan 14.197252 0.1 26.227106 0.1 33.058383 136.831317 0. 0.
nan 13.487755 0.1 24.225487 0.1 33.053333 136.933483 0. 0.
nan 14.711252 0.1 26.864983 0.1 33.003250 136.778983 0. 0.
nan 13.001391 0.1 23.328474 0.1 33.127850 136.818817 0. 0.
nan 12.903398 0.1 23.902681 0.1 33.220050 136.690333 0. 0.
nan 14.045684 0.1 25.807140 0.1 33.172667 136.576950 0. 0.
nan 13.870509 0.1 26.152115 0.1 33.233100 136.563050 0. 0.
nan 12.729598 0.1 23.910511 0.1 33.304500 136.595800 0. 0.
nan 12.651566 0.1 23.654955 0.1 33.484967 136.445050 0. 0.
nan 14.012995 0.1 26.006325 0.1 33.385983 136.382783 0. 0.
nan 14.756852 0.1 27.117847 0.1 33.445900 136.256433 0. 0.
nan 13.653977 0.1 25.210201 0.1 33.544400 136.332467 0. 0.
nan 15.508589 0.1 28.145842 0.1 32.950627 136.741655 0. 0.
nan 15.457431 0.1 28.434769 0.1 33.330283 136.270167 0. 0.
nan 31.890457 0.1 57.118416 0.1 33.408480 134.744900 0. 0.
nan 30.993605 0.1 55.695362 0.1 33.339293 134.864088 0. 0.
nan 32.433731 0.1 58.426991 0.1 33.248992 134.769132 0. 0.
nan 33.097652 0.1 59.746510 0.1 33.320523 134.672350 0. 0.
nan 28.735048 0.1 51.448723 0.1 33.322233 135.066732 0. 0.
nan 28.108366 0.1 50.927258 0.1 33.225200 135.169833 0. 0.
nan 29.350077 0.1 53.528332 0.1 33.175517 135.096383 0. 0.
nan 29.880985 0.1 53.813515 0.1 33.275027 134.986863 0. 0.
nan 24.737953 0.1 44.997116 0.1 33.228035 135.458452 0. 0.
nan 24.673653 0.1 45.117416 0.1 33.125067 135.524883 0. 0.
nan 26.071482 0.1 47.399155 0.1 33.083692 135.412142 0. 0.
nan 26.534506 0.1 48.505196 0.1 33.175217 135.341417 0. 0.
nan 21.490160 0.1 38.658512 0.1 33.159433 135.755700 0. 0.
nan 20.741440 0.1 37.455830 0.1 33.135933 135.858367 0. 0.
nan 19.950598 0.1 36.601753 0.1 33.141983 135.958600 0. 0.
nan 22.039707 0.1 40.770531 0.1 33.029878 135.840112 0. 0.
nan 22.523968 0.1 40.831936 0.1 33.091457 135.714368 0. 0.
nan 22.989891 0.1 41.699905 0.1 32.926983 135.774733 0. 0.
nan 22.793533 0.1 41.562054 0.1 32.891950 135.833550 0. 0.
nan 24.037037 0.1 43.709896 0.1 32.801677 135.773283 0. 0.
nan 24.555080 0.1 44.650520 0.1 32.860267 135.667000 0. 0.
nan 28.514429 0.1 51.796917 0.1 32.987950 135.225000 0. 0.
nan 28.131277 0.1 51.159580 0.1 32.882717 135.308200 0. 0.
nan 29.570108 0.1 53.823605 0.1 32.854517 135.191583 0. 0.
nan 29.846109 0.1 54.342197 0.1 32.891857 135.153747 0. 0.
nan 37.358601 0.1 67.832901 0.1 32.761517 134.516717 0. 0.
nan 36.579727 0.1 66.311913 0.1 32.708867 134.599567 0. 0.
nan 37.793480 0.1 68.446922 0.1 32.625133 134.516433 0. 0.
nan 38.569489 0.1 69.925735 0.1 32.675233 134.433400 0. 0.
nan 38.690140 0.1 69.797607 0.1 33.296480 134.194650 0. 0.
nan 38.563713 0.1 69.608154 0.1 33.295240 134.204350 0. 0.
nan 38.371796 0.1 69.148735 0.1 33.293930 134.214570 0. 0.
nan 38.151611 0.1 68.438026 0.1 33.291170 134.223480 0. 0.
nan 38.036190 0.1 68.391945 0.1 33.287430 134.232720 0. 0.
nan 37.865940 0.1 67.810677 0.1 33.284990 134.241320 0. 0.
nan 37.743153 0.1 67.585182 0.1 33.282590 134.249730 0. 0.
nan 37.637711 0.1 67.410454 0.1 33.280290 134.258190 0. 0.
nan 37.575642 0.1 67.409081 0.1 33.278060 134.266070 0. 0.
nan 37.622734 0.1 67.635475 0.1 33.271720 134.270710 0. 0.
nan 37.610676 0.1 67.616631 0.1 33.264890 134.275700 0. 0.
nan 37.583302 0.1 67.536163 0.1 33.256950 134.281510 0. 0.
nan 37.615643 0.1 67.830200 0.1 33.249410 134.287020 0. 0.
nan 37.553635 0.1 67.620399 0.1 33.241470 134.292820 0. 0.
nan 37.597733 0.1 67.888008 0.1 33.233540 134.298620 0. 0.
nan 37.586403 0.1 67.906525 0.1 33.226040 134.304090 0. 0.
nan 37.567852 0.1 67.845146 0.1 33.217880 134.308520 0. 0.
nan 37.600163 0.1 67.884201 0.1 33.209150 134.308810 0. 0.
nan 37.710075 0.1 68.125870 0.1 33.199960 134.309120 0. 0.
nan 37.749710 0.1 68.219460 0.1 33.191230 134.309410 0. 0.
nan 37.825241 0.1 68.524597 0.1 33.182240 134.309710 0. 0.
nan 37.862022 0.1 68.552483 0.1 33.173440 134.310000 0. 0.
nan 37.967087 0.1 68.855362 0.1 33.165130 134.310280 0. 0.
nan 37.988239 0.1 68.964394 0.1 33.156450 134.310570 0. 0.
nan 38.009979 0.1 69.012634 0.1 33.148210 134.310850 0. 0.
nan 38.063923 0.1 69.263664 0.1 33.139290 134.311140 0. 0.
nan 38.086704 0.1 69.181824 0.1 33.130600 134.311430 0. 0.
nan 38.172237 0.1 69.410980 0.1 33.121450 134.311740 0. 0.
nan 38.189625 0.1 69.384331 0.1 33.112290 134.312040 0. 0.
nan 38.228050 0.1 69.473740 0.1 33.103600 134.312330 0. 0.
nan 38.320797 0.1 69.762825 0.1 33.094860 134.312620 0. 0.
nan 38.377197 0.1 69.884827 0.1 33.086950 134.312880 0. 0.
nan 38.380169 0.1 69.826965 0.1 33.078630 134.313160 0. 0.
nan 38.428070 0.1 69.850800 0.1 33.070300 134.313440 0. 0.
nan 38.490086 0.1 70.101761 0.1 33.062390 134.313700 0. 0.
nan 38.488510 0.1 70.083450 0.1 33.054280 134.313970 0. 0.
nan 38.473099 0.1 70.028328 0.1 33.046760 134.314000 0. 0.
nan 38.545063 0.1 70.185143 0.1 33.038860 134.314010 0. 0.
nan 38.618824 0.1 70.372719 0.1 33.031340 134.314010 0. 0.
nan 38.680229 0.1 70.520432 0.1 33.023440 134.314010 0. 0.
nan 38.680878 0.1 70.452705 0.1 33.014400 134.314010 0. 0.
nan 38.692287 0.1 70.384277 0.1 33.004700 134.314020 0. 0.
nan 38.699093 0.1 70.333694 0.1 32.994500 134.314020 0. 0.
nan 38.744720 0.1 70.474304 0.1 32.984960 134.314930 0. 0.
nan 38.732548 0.1 70.484810 0.1 32.975560 134.319630 0. 0.
nan 38.782879 0.1 70.541283 0.1 32.967600 134.323610 0. 0.
nan 38.772049 0.1 70.591988 0.1 32.960390 134.327220 0. 0.
nan 38.761005 0.1 70.711784 0.1 32.953190 134.330820 0. 0.
nan 38.780148 0.1 70.500916 0.1 32.946340 134.334240 0. 0.
nan 38.759281 0.1 70.502693 0.1 32.939130 134.337840 0. 0.
nan 38.808327 0.1 70.679733 0.1 32.931500 134.339020 0. 0.
nan 38.881691 0.1 70.724663 0.1 32.922840 134.339020 0. 0.
nan 38.933094 0.1 70.925690 0.1 32.914590 134.339020 0. 0.
nan 38.923294 0.1 70.744507 0.1 32.905930 134.339020 0. 0.
nan 38.929478 0.1 70.751335 0.1 32.897400 134.337300 0. 0.
