# comments
nan 7.942836 0.1 14.988003 0.1 33.804783 136.557017 0. 0.
nan 8.506813 0.1 16.475107 0.1 33.752400 136.648833 0. 0.
nan 7.586610 0.1 14.891119 0.1 33.648417 136.603667 0. 0.
nan 6.670587 0.1 13.159190 0.1 33.678067 136.467383 0. 0.
nan 10.576994 0.1 20.038109 0.1 33.477217 136.926433 0. 0.
nan 10.737329 0.1 20.030403 0.1 33.358433 136.921583 0. 0.
nan 9.960173 0.1 19.258680 0.1 33.361333 136.807217 0. 0.
nan 9.433308 0.1 18.156681 0.1 33.466417 136.803850 0. 0.
nan 12.191861 0.1 22.878199 0.1 33.058383 136.831317 0. 0.
nan 12.468530 0.1 22.612829 0.1 33.053333 136.933483 0. 0.
nan 12.072489 0.1 22.341038 0.1 33.003250 136.778983 0. 0.
nan 11.106565 0.1 20.176533 0.1 33.127850 136.818817 0. 0.
nan 9.932841 0.1 18.818224 0.1 33.220050 136.690333 0. 0.
nan 9.633691 0.1 18.150684 0.1 33.172667 136.576950 0. 0.
nan 9.332947 0.1 18.248405 0.1 33.233100 136.563050 0. 0.
nan 8.778900 0.1 17.031050 0.1 33.304500 136.595800 0. 0.
nan 6.442128 0.1 12.758557 0.1 33.484967 136.445050 0. 0.
nan 6.941999 0.1 13.550389 0.1 33.385983 136.382783 0. 0.
nan 6.231505 0.1 12.032865 0.1 33.445900 136.256433 0. 0.
nan 5.790726 0.1 11.394047 0.1 33.544400 136.332467 0. 0.
nan 12.368160 0.1 22.770773 0.1 32.950627 136.741655 0. 0.
nan 7.388340 0.1 14.166656 0.1 33.330283 136.270167 0. 0.
nan 21.149376 0.1 38.035881 0.1 33.408480 134.744900 0. 0.
nan 20.243563 0.1 36.598709 0.1 33.339293 134.864088 0. 0.
nan 21.685575 0.1 39.324486 0.1 33.248992 134.769132 0. 0.
nan 22.346300 0.1 40.649315 0.1 33.320523 134.672350 0. 0.
nan 18.004826 0.1 32.389580 0.1 33.322233 135.066732 0. 0.
nan 17.454523 0.1 32.021168 0.1 33.225200 135.169833 0. 0.
nan 18.707186 0.1 34.644588 0.1 33.175517 135.096383 0. 0.
nan 19.149405 0.1 34.749104 0.1 33.275027 134.986863 0. 0.
nan 14.240644 0.1 26.389069 0.1 33.228035 135.458452 0. 0.
nan 14.386068 0.1 26.878576 0.1 33.125067 135.524883 0. 0.
nan 15.720570 0.1 29.051908 0.1 33.083692 135.412142 0. 0.
nan 16.016811 0.1 29.858528 0.1 33.175217 135.341417 0. 0.
nan 11.503068 0.1 20.947824 0.1 33.159433 135.755700 0. 0.
nan 11.049600 0.1 20.269108 0.1 33.135933 135.858367 0. 0.
nan 10.558054 0.1 19.932741 0.1 33.141983 135.958600 0. 0.
nan 12.620461 0.1 24.066071 0.1 33.029878 135.840112 0. 0.
nan 12.622157 0.1 23.261923 0.1 33.091457 135.714368 0. 0.
nan 13.666695 0.1 25.169931 0.1 32.926983 135.774733 0. 0.
nan 13.738770 0.1 25.514589 0.1 32.891950 135.833550 0. 0.
nan 15.025049 0.1 27.736813 0.1 32.801677 135.773283 0. 0.
nan 15.113226 0.1 27.908575 0.1 32.860267 135.667000 0. 0.
nan 18.134571 0.1 33.383572 0.1 32.987950 135.225000 0. 0.
nan 18.010647 0.1 33.207005 0.1 32.882717 135.308200 0. 0.
nan 19.351870 0.1 35.699852 0.1 32.854517 135.191583 0. 0.
nan 19.544048 0.1 36.064285 0.1 32.891857 135.153747 0. 0.
nan 26.802895 0.1 49.064049 0.1 32.761517 134.516717 0. 0.
nan 26.098215 0.1 47.682713 0.1 32.708867 134.599567 0. 0.
nan 27.346716 0.1 49.885361 0.1 32.625133 134.516433 0. 0.
nan 28.050171 0.1 51.228291 0.1 32.675233 134.433400 0. 0.
nan 27.937391 0.1 50.712315 0.1 33.296480 134.194650 0. 0.
nan 27.811022 0.1 50.522453 0.1 33.295240 134.204350 0. 0.
nan 27.617924 0.1 50.058441 0.1 33.293930 134.214570 0. 0.
nan 27.397623 0.1 49.346794 0.1 33.291170 134.223480 0. 0.
nan 27.282286 0.1 49.298790 0.1 33.287430 134.232720 0. 0.
nan 27.111988 0.1 48.717541 0.1 33.284990 134.241320 0. 0.
nan 26.989607 0.1 48.491684 0.1 33.282590 134.249730 0. 0.
nan 26.884148 0.1 48.315773 0.1 33.280290 134.258190 0. 0.
nan 26.821604 0.1 48.310986 0.1 33.278060 134.266070 0. 0.
nan 26.868279 0.1 48.536289 0.1 33.271720 134.270710 0. 0.
nan 26.855406 0.1 48.516193 0.1 33.264890 134.275700 0. 0.
nan 26.827517 0.1 48.435043 0.1 33.256950 134.281510 0. 0.
nan 26.859188 0.1 48.728306 0.1 33.249410 134.287020 0. 0.
nan 26.796661 0.1 48.517742 0.1 33.241470 134.292820 0. 0.
nan 26.840368 0.1 48.784790 0.1 33.233540 134.298620 0. 0.
nan 26.828798 0.1 48.802853 0.1 33.226040 134.304090 0. 0.
nan 26.809961 0.1 48.740200 0.1 33.217880 134.308520 0. 0.
nan 26.842030 0.1 48.778145 0.1 33.209150 134.308810 0. 0.
nan 26.951759 0.1 49.019592 0.1 33.199960 134.309120 0. 0.
nan 26.991291 0.1 49.113064 0.1 33.191230 134.309410 0. 0.
nan 27.066795 0.1 49.417965 0.1 33.182240 134.309710 0. 0.
nan 27.103638 0.1 49.445534 0.1 33.173440 134.310000 0. 0.
nan 27.208878 0.1 49.748142 0.1 33.165130 134.310280 0. 0.
nan 27.230223 0.1 49.856716 0.1 33.156450 134.310570 0. 0.
nan 27.252392 0.1 49.903828 0.1 33.148210 134.310850 0. 0.
nan 27.306757 0.1 50.154579 0.1 33.139290 134.311140 0. 0.
nan 27.330383 0.1 50.072662 0.1 33.130600 134.311430 0. 0.
nan 27.416784 0.1 50.302998 0.1 33.121450 134.311740 0. 0.
nan 27.435589 0.1 50.278645 0.1 33.112290 134.312040 0. 0.
nan 27.474552 0.1 50.370121 0.1 33.103600 134.312330 0. 0.
nan 27.568581 0.1 50.664032 0.1 33.094860 134.312620 0. 0.
nan 27.626812 0.1 50.788158 0.1 33.086950 134.312880 0. 0.
nan 27.630449 0.1 50.731800 0.1 33.078630 134.313160 0. 0.
nan 27.681370 0.1 50.759632 0.1 33.070300 134.313440 0. 0.
nan 27.744217 0.1 51.011539 0.1 33.062390 134.313700 0. 0.
nan 27.744360 0.1 50.996590 0.1 33.054280 134.313970 0. 0.
nan 27.729626 0.1 50.942478 0.1 33.046760 134.314000 0. 0.
nan 27.804403 0.1 51.103657 0.1 33.038860 134.314010 0. 0.
nan 27.879234 0.1 51.293083 0.1 33.031340 134.314010 0. 0.
nan 27.943630 0.1 51.445683 0.1 33.023440 134.314010 0. 0.
nan 27.947237 0.1 51.382244 0.1 33.014400 134.314010 0. 0.
nan 27.959793 0.1 51.315681 0.1 33.004700 134.314020 0. 0.
nan 27.969904 0.1 51.268280 0.1 32.994500 134.314020 0. 0.
nan 28.018082 0.1 51.416611 0.1 32.984960 134.314930 0. 0.
nan 28.010916 0.1 51.435162 0.1 32.975560 134.319630 0. 0.
nan 28.063560 0.1 51.495308 0.1 32.967600 134.323610 0. 0.
nan 28.055378 0.1 51.551640 0.1 32.960390 134.327220 0. 0.
nan 28.046623 0.1 51.674320 0.1 32.953190 134.330820 0. 0.
nan 28.071199 0.1 51.471828 0.1 32.946340 134.334240 0. 0.
nan 28.052462 0.1 51.475929 0.1 32.939130 134.337840 0. 0.
nan 28.105219 0.1 51.663269 0.1 32.931500 134.339020 0. 0.
nan 28.181068 0.1 51.712204 0.1 32.922840 134.339020 0. 0.
nan 28.236959 0.1 51.921471 0.1 32.914590 134.339020 0. 0.
nan 28.231295 0.1 51.748959 0.1 32.905930 134.339020 0. 0.
nan 28.241013 0.1 51.761353 0.1 32.897400 134.337300 0. 0.
