# comments
nan 29.758091 0.1 56.624660 0.1 33.804783 136.557017 0. 0.
nan 30.633539 0.1 58.681217 0.1 33.752400 136.648833 0. 0.
nan 29.599379 0.1 56.883179 0.1 33.648417 136.603667 0. 0.
nan 28.382410 0.1 54.618214 0.1 33.678067 136.467383 0. 0.
nan 32.217682 0.1 61.384285 0.1 33.477217 136.926433 0. 0.
nan 31.797197 0.1 60.313087 0.1 33.358433 136.921583 0. 0.
nan 30.824200 0.1 59.162956 0.1 33.361333 136.807217 0. 0.
nan 30.932123 0.1 59.217953 0.1 33.466417 136.803850 0. 0.
nan 30.713987 0.1 58.565075 0.1 33.058383 136.831317 0. 0.
nan 31.345642 0.1 58.955406 0.1 33.053333 136.933483 0. 0.
nan 29.837378 0.1 56.666790 0.1 33.003250 136.778983 0. 0.
nan 30.177258 0.1 56.845924 0.1 33.127850 136.818817 0. 0.
nan 29.216133 0.1 55.880054 0.1 33.220050 136.690333 0. 0.
nan 27.938040 0.1 53.441803 0.1 33.172667 136.576950 0. 0.
nan 28.153254 0.1 54.448444 0.1 33.233100 136.563050 0. 0.
nan 28.495373 0.1 54.890423 0.1 33.304500 136.595800 0. 0.
nan 27.082214 0.1 52.284935 0.1 33.484967 136.445050 0. 0.
nan 26.159895 0.1 50.474461 0.1 33.385983 136.382783 0. 0.
nan 24.872040 0.1 47.849892 0.1 33.445900 136.256433 0. 0.
nan 26.193876 0.1 50.431393 0.1 33.544400 136.332467 0. 0.
nan 29.433020 0.1 55.817085 0.1 32.950627 136.741655 0. 0.
nan 24.900299 0.1 47.962502 0.1 33.330283 136.270167 0. 0.
nan 4.782641 0.1 11.893995 0.1 33.408480 134.744900 0. 0.
nan 4.591899 0.1 11.677711 0.1 33.339293 134.864088 0. 0.
nan 2.896553 0.1 9.001861 0.1 33.248992 134.769132 0. 0.
nan 4.711026 0.1 12.246193 0.1 33.320523 134.672350 0. 0.
nan 8.156939 0.1 17.508772 0.1 33.322233 135.066732 0. 0.
nan 10.567209 0.1 22.132498 0.1 33.225200 135.169833 0. 0.
nan 9.939057 0.1 21.509249 0.1 33.175517 135.096383 0. 0.
nan 6.855091 0.1 15.526844 0.1 33.275027 134.986863 0. 0.
nan 14.976348 0.1 29.913084 0.1 33.228035 135.458452 0. 0.
nan 16.230766 0.1 32.517498 0.1 33.125067 135.524883 0. 0.
nan 14.974969 0.1 29.932344 0.1 33.083692 135.412142 0. 0.
nan 13.816758 0.1 28.130299 0.1 33.175217 135.341417 0. 0.
nan 18.262144 0.1 35.468357 0.1 33.159433 135.755700 0. 0.
nan 19.592684 0.1 38.013336 0.1 33.135933 135.858367 0. 0.
nan 20.892450 0.1 40.912422 0.1 33.141983 135.958600 0. 0.
nan 19.935999 0.1 39.601711 0.1 33.029878 135.840112 0. 0.
nan 18.025486 0.1 35.339531 0.1 33.091457 135.714368 0. 0.
nan 19.157785 0.1 37.402889 0.1 32.926983 135.774733 0. 0.
nan 20.004057 0.1 39.150124 0.1 32.891950 135.833550 0. 0.
nan 19.794407 0.1 38.627197 0.1 32.801677 135.773283 0. 0.
nan 18.434559 0.1 36.250858 0.1 32.860267 135.667000 0. 0.
nan 13.438380 0.1 27.214336 0.1 32.987950 135.225000 0. 0.
nan 15.094187 0.1 30.262352 0.1 32.882717 135.308200 0. 0.
nan 14.407635 0.1 29.091007 0.1 32.854517 135.191583 0. 0.
nan 13.822582 0.1 28.049644 0.1 32.891857 135.153747 0. 0.
nan 14.903028 0.1 29.991465 0.1 32.761517 134.516717 0. 0.
nan 15.085824 0.1 30.205917 0.1 32.708867 134.599567 0. 0.
nan 16.287773 0.1 32.398869 0.1 32.625133 134.516433 0. 0.
nan 16.252295 0.1 32.432384 0.1 32.675233 134.433400 0. 0.
nan 12.596198 0.1 25.706158 0.1 33.296480 134.194650 0. 0.
nan 12.425106 0.1 25.442581 0.1 33.295240 134.204350 0. 0.
nan 12.193561 0.1 24.926458 0.1 33.293930 134.214570 0. 0.
nan 11.942220 0.1 24.162174 0.1 33.291170 134.223480 0. 0.
nan 11.780573 0.1 24.046341 0.1 33.287430 134.232720 0. 0.
nan 11.560046 0.1 23.404890 0.1 33.284990 134.241320 0. 0.
nan 11.415130 0.1 23.139629 0.1 33.282590 134.249730 0. 0.
nan 11.284291 0.1 22.923489 0.1 33.280290 134.258190 0. 0.
nan 11.177896 0.1 22.851517 0.1 33.278060 134.266070 0. 0.
nan 11.213733 0.1 23.063166 0.1 33.271720 134.270710 0. 0.
nan 11.187106 0.1 23.001419 0.1 33.264890 134.275700 0. 0.
nan 11.141664 0.1 22.891205 0.1 33.256950 134.281510 0. 0.
nan 11.158340 0.1 23.153099 0.1 33.249410 134.287020 0. 0.
nan 11.082776 0.1 22.916544 0.1 33.241470 134.292820 0. 0.
nan 11.108863 0.1 23.158573 0.1 33.233540 134.298620 0. 0.
nan 11.084117 0.1 23.149584 0.1 33.226040 134.304090 0. 0.
nan 11.057997 0.1 23.064890 0.1 33.217880 134.308520 0. 0.
nan 11.109689 0.1 23.134487 0.1 33.209150 134.308810 0. 0.
nan 11.239919 0.1 23.412588 0.1 33.199960 134.309120 0. 0.
nan 11.309857 0.1 23.551252 0.1 33.191230 134.309410 0. 0.
nan 11.413603 0.1 23.904093 0.1 33.182240 134.309710 0. 0.
nan 11.486193 0.1 23.991179 0.1 33.173440 134.310000 0. 0.
nan 11.630069 0.1 24.355938 0.1 33.165130 134.310280 0. 0.
nan 11.694381 0.1 24.512918 0.1 33.156450 134.310570 0. 0.
nan 11.765313 0.1 24.636007 0.1 33.148210 134.310850 0. 0.
nan 11.827272 0.1 24.902454 0.1 33.139290 134.311140 0. 0.
nan 11.912922 0.1 24.920256 0.1 33.130600 134.311430 0. 0.
nan 12.049997 0.1 25.236708 0.1 33.121450 134.311740 0. 0.
nan 12.128511 0.1 25.312334 0.1 33.112290 134.312040 0. 0.
nan 12.215162 0.1 25.452618 0.1 33.103600 134.312330 0. 0.
nan 12.366160 0.1 25.857454 0.1 33.094860 134.312620 0. 0.
nan 12.482100 0.1 26.079071 0.1 33.086950 134.312880 0. 0.
nan 12.536051 0.1 26.093494 0.1 33.078630 134.313160 0. 0.
nan 12.665548 0.1 26.271421 0.1 33.070300 134.313440 0. 0.
nan 12.772105 0.1 26.569914 0.1 33.062390 134.313700 0. 0.
nan 12.856799 0.1 26.694443 0.1 33.054280 134.313970 0. 0.
nan 12.864880 0.1 26.673979 0.1 33.046760 134.314000 0. 0.
nan 13.011932 0.1 26.959406 0.1 33.038860 134.314010 0. 0.
nan 13.137243 0.1 27.229441 0.1 33.031340 134.314010 0. 0.
nan 13.288804 0.1 27.537083 0.1 33.023440 134.314010 0. 0.
nan 13.385920 0.1 27.614557 0.1 33.014400 134.314010 0. 0.
nan 13.450896 0.1 27.643530 0.1 33.004700 134.314020 0. 0.
nan 13.545963 0.1 27.728783 0.1 32.994500 134.314020 0. 0.
nan 13.696479 0.1 28.022675 0.1 32.984960 134.314930 0. 0.
nan 13.780980 0.1 28.207079 0.1 32.975560 134.319630 0. 0.
nan 13.892158 0.1 28.383684 0.1 32.967600 134.323610 0. 0.
nan 13.951280 0.1 28.535032 0.1 32.960390 134.327220 0. 0.
nan 14.010973 0.1 28.768671 0.1 32.953190 134.330820 0. 0.
nan 14.091966 0.1 28.703932 0.1 32.946340 134.334240 0. 0.
nan 14.119717 0.1 28.764252 0.1 32.939130 134.337840 0. 0.
nan 14.275151 0.1 29.111458 0.1 32.931500 134.339020 0. 0.
nan 14.404058 0.1 29.266546 0.1 32.922840 134.339020 0. 0.
nan 14.565110 0.1 29.633274 0.1 32.914590 134.339020 0. 0.
nan 14.667919 0.1 29.672945 0.1 32.905930 134.339020 0. 0.
nan 14.747622 0.1 29.809435 0.1 32.897400 134.337300 0. 0.
