# comments
nan 16.673494 0.1 30.702467 0.1 33.804783 136.557017 0. 0.
nan 16.039862 0.1 30.056564 0.1 33.752400 136.648833 0. 0.
nan 14.557360 0.1 27.457626 0.1 33.648417 136.603667 0. 0.
nan 15.161795 0.1 28.377058 0.1 33.678067 136.467383 0. 0.
nan 12.733807 0.1 23.953901 0.1 33.477217 136.926433 0. 0.
nan 11.076723 0.1 20.657345 0.1 33.358433 136.921583 0. 0.
nan 10.915896 0.1 21.002811 0.1 33.361333 136.807217 0. 0.
nan 12.197744 0.1 23.164837 0.1 33.466417 136.803850 0. 0.
nan 7.404799 0.1 14.326226 0.1 33.058383 136.831317 0. 0.
nan 7.604397 0.1 13.913441 0.1 33.053333 136.933483 0. 0.
nan 6.308195 0.1 12.056741 0.1 33.003250 136.778983 0. 0.
nan 7.627659 0.1 13.960042 0.1 33.127850 136.818817 0. 0.
nan 8.638206 0.1 16.545542 0.1 33.220050 136.690333 0. 0.
nan 7.878935 0.1 15.029953 0.1 33.172667 136.576950 0. 0.
nan 8.943668 0.1 17.564489 0.1 33.233100 136.563050 0. 0.
nan 9.814404 0.1 18.916101 0.1 33.304500 136.595800 0. 0.
nan 12.401248 0.1 23.473719 0.1 33.484967 136.445050 0. 0.
nan 11.185723 0.1 21.198051 0.1 33.385983 136.382783 0. 0.
nan 12.339805 0.1 23.015846 0.1 33.445900 136.256433 0. 0.
nan 13.414120 0.1 25.086790 0.1 33.544400 136.332467 0. 0.
nan 5.745074 0.1 10.914453 0.1 32.950627 136.741655 0. 0.
nan 10.981297 0.1 20.646395 0.1 33.330283 136.270167 0. 0.
nan 25.340986 0.1 45.563877 0.1 33.408480 134.744900 0. 0.
nan 24.008354 0.1 43.338367 0.1 33.339293 134.864088 0. 0.
nan 24.894236 0.1 45.070335 0.1 33.248992 134.769132 0. 0.
nan 26.054684 0.1 47.319675 0.1 33.320523 134.672350 0. 0.
nan 21.658138 0.1 38.978004 0.1 33.322233 135.066732 0. 0.
nan 20.377975 0.1 37.299210 0.1 33.225200 135.169833 0. 0.
nan 21.203962 0.1 39.128483 0.1 33.175517 135.096383 0. 0.
nan 22.448292 0.1 40.708740 0.1 33.275027 134.986863 0. 0.
nan 17.116795 0.1 31.592793 0.1 33.228035 135.458452 0. 0.
nan 16.011757 0.1 29.806734 0.1 33.125067 135.524883 0. 0.
nan 17.080055 0.1 31.519030 0.1 33.083692 135.412142 0. 0.
nan 18.437223 0.1 34.230324 0.1 33.175217 135.341417 0. 0.
nan 13.242687 0.1 24.097895 0.1 33.159433 135.755700 0. 0.
nan 12.126797 0.1 22.232702 0.1 33.135933 135.858367 0. 0.
nan 11.362988 0.1 21.448364 0.1 33.141983 135.958600 0. 0.
nan 12.075075 0.1 23.123539 0.1 33.029878 135.840112 0. 0.
nan 13.385322 0.1 24.665035 0.1 33.091457 135.714368 0. 0.
nan 11.995301 0.1 22.194818 0.1 32.926983 135.774733 0. 0.
nan 11.325463 0.1 21.193230 0.1 32.891950 135.833550 0. 0.
nan 11.855509 0.1 22.063427 0.1 32.801677 135.773283 0. 0.
nan 13.134749 0.1 24.379112 0.1 32.860267 135.667000 0. 0.
nan 18.811575 0.1 34.630733 0.1 32.987950 135.225000 0. 0.
nan 17.484983 0.1 32.294537 0.1 32.882717 135.308200 0. 0.
nan 18.906998 0.1 34.941383 0.1 32.854517 135.191583 0. 0.
nan 19.476948 0.1 35.967186 0.1 32.891857 135.153747 0. 0.
nan 27.002550 0.1 49.448200 0.1 32.761517 134.516717 0. 0.
nan 25.839451 0.1 47.219402 0.1 32.708867 134.599567 0. 0.
nan 26.748587 0.1 48.812557 0.1 32.625133 134.516433 0. 0.
nan 27.855892 0.1 50.891171 0.1 32.675233 134.433400 0. 0.
nan 31.369616 0.1 56.910461 0.1 33.296480 134.194650 0. 0.
nan 31.251839 0.1 56.724808 0.1 33.295240 134.204350 0. 0.
nan 31.032393 0.1 56.229763 0.1 33.293930 134.214570 0. 0.
nan 30.805700 0.1 55.514530 0.1 33.291170 134.223480 0. 0.
nan 30.665321 0.1 55.424393 0.1 33.287430 134.232720 0. 0.
nan 30.501917 0.1 54.849628 0.1 33.284990 134.241320 0. 0.
nan 30.376173 0.1 54.621044 0.1 33.282590 134.249730 0. 0.
nan 30.262852 0.1 54.421814 0.1 33.280290 134.258190 0. 0.
nan 30.175282 0.1 54.380005 0.1 33.278060 134.266070 0. 0.
nan 30.204445 0.1 54.570721 0.1 33.271720 134.270710 0. 0.
nan 30.150150 0.1 54.467762 0.1 33.264890 134.275700 0. 0.
nan 30.084778 0.1 54.325779 0.1 33.256950 134.281510 0. 0.
nan 30.075937 0.1 54.549599 0.1 33.249410 134.287020 0. 0.
nan 29.974476 0.1 54.268696 0.1 33.241470 134.292820 0. 0.
nan 29.974287 0.1 54.449799 0.1 33.233540 134.298620 0. 0.
nan 29.912626 0.1 54.370110 0.1 33.226040 134.304090 0. 0.
nan 29.844503 0.1 54.212021 0.1 33.217880 134.308520 0. 0.
nan 29.816486 0.1 54.154186 0.1 33.209150 134.308810 0. 0.
nan 29.863300 0.1 54.294804 0.1 33.199960 134.309120 0. 0.
nan 29.866459 0.1 54.317116 0.1 33.191230 134.309410 0. 0.
nan 29.901873 0.1 54.531059 0.1 33.182240 134.309710 0. 0.
nan 29.878300 0.1 54.454781 0.1 33.173440 134.310000 0. 0.
nan 29.944672 0.1 54.689133 0.1 33.165130 134.310280 0. 0.
nan 29.922949 0.1 54.722008 0.1 33.156450 134.310570 0. 0.
nan 29.881769 0.1 54.659096 0.1 33.148210 134.310850 0. 0.
nan 29.910480 0.1 54.858841 0.1 33.139290 134.311140 0. 0.
nan 29.879395 0.1 54.674419 0.1 33.130600 134.311430 0. 0.
nan 29.904509 0.1 54.805042 0.1 33.121450 134.311740 0. 0.
nan 29.866316 0.1 54.679996 0.1 33.112290 134.312040 0. 0.
nan 29.876886 0.1 54.713184 0.1 33.103600 134.312330 0. 0.
nan 29.914125 0.1 54.908005 0.1 33.094860 134.312620 0. 0.
nan 29.926487 0.1 54.963020 0.1 33.086950 134.312880 0. 0.
nan 29.894718 0.1 54.831833 0.1 33.078630 134.313160 0. 0.
nan 29.878168 0.1 54.744625 0.1 33.070300 134.313440 0. 0.
nan 29.922089 0.1 54.958046 0.1 33.062390 134.313700 0. 0.
nan 29.859726 0.1 54.833061 0.1 33.054280 134.313970 0. 0.
nan 29.830406 0.1 54.749233 0.1 33.046760 134.314000 0. 0.
nan 29.849514 0.1 54.804218 0.1 33.038860 134.314010 0. 0.
nan 29.887310 0.1 54.930134 0.1 33.031340 134.314010 0. 0.
nan 29.890938 0.1 54.978287 0.1 33.023440 134.314010 0. 0.
nan 29.854538 0.1 54.825439 0.1 33.014400 134.314010 0. 0.
nan 29.823008 0.1 54.692947 0.1 33.004700 134.314020 0. 0.
nan 29.779293 0.1 54.553440 0.1 32.994500 134.314020 0. 0.
nan 29.779943 0.1 54.589668 0.1 32.984960 134.314930 0. 0.
nan 29.695068 0.1 54.470985 0.1 32.975560 134.319630 0. 0.
nan 29.717567 0.1 54.489788 0.1 32.967600 134.323610 0. 0.
nan 29.665945 0.1 54.477036 0.1 32.960390 134.327220 0. 0.
nan 29.610744 0.1 54.503277 0.1 32.953190 134.330820 0. 0.
nan 29.566305 0.1 54.197857 0.1 32.946340 134.334240 0. 0.
nan 29.522753 0.1 54.155285 0.1 32.939130 134.337840 0. 0.
nan 29.518383 0.1 54.226696 0.1 32.931500 134.339020 0. 0.
nan 29.561150 0.1 54.225166 0.1 32.922840 134.339020 0. 0.
nan 29.555138 0.1 54.330189 0.1 32.914590 134.339020 0. 0.
nan 29.483086 0.1 54.023670 0.1 32.905930 134.339020 0. 0.
nan 29.452412 0.1 53.980221 0.1 32.897400 134.337300 0. 0.
