# comments
nan 14.804569 0.1 27.270523 0.1 33.804783 136.557017 0. 0.
nan 15.297457 0.1 28.659275 0.1 33.752400 136.648833 0. 0.
nan 13.920345 0.1 26.241085 0.1 33.648417 136.603667 0. 0.
nan 12.967919 0.1 24.419163 0.1 33.678067 136.467383 0. 0.
nan 15.962480 0.1 29.715302 0.1 33.477217 136.926433 0. 0.
nan 15.394074 0.1 28.383989 0.1 33.358433 136.921583 0. 0.
nan 14.415215 0.1 27.238989 0.1 33.361333 136.807217 0. 0.
nan 14.677632 0.1 27.571459 0.1 33.466417 136.803850 0. 0.
nan 14.389812 0.1 26.823835 0.1 33.058383 136.831317 0. 0.
nan 15.008329 0.1 27.177723 0.1 33.053333 136.933483 0. 0.
nan 13.645295 0.1 25.168850 0.1 33.003250 136.778983 0. 0.
nan 13.770838 0.1 24.947744 0.1 33.127850 136.818817 0. 0.
nan 12.759910 0.1 23.890230 0.1 33.220050 136.690333 0. 0.
nan 11.518403 0.1 21.524361 0.1 33.172667 136.576950 0. 0.
nan 11.697675 0.1 22.461811 0.1 33.233100 136.563050 0. 0.
nan 12.052301 0.1 22.919796 0.1 33.304500 136.595800 0. 0.
nan 11.039191 0.1 20.996546 0.1 33.484967 136.445050 0. 0.
nan 9.879402 0.1 18.804892 0.1 33.385983 136.382783 0. 0.
nan 8.850986 0.1 16.672670 0.1 33.445900 136.256433 0. 0.
nan 10.407322 0.1 19.651361 0.1 33.544400 136.332467 0. 0.
nan 13.382383 0.1 24.573812 0.1 32.950627 136.741655 0. 0.
nan 8.526886 0.1 16.141203 0.1 33.330283 136.270167 0. 0.
nan 15.657615 0.1 28.109577 0.1 33.408480 134.744900 0. 0.
nan 14.451882 0.1 26.118776 0.1 33.339293 134.864088 0. 0.
nan 15.640373 0.1 28.402758 0.1 33.248992 134.769132 0. 0.
nan 16.618345 0.1 30.313452 0.1 33.320523 134.672350 0. 0.
nan 11.981714 0.1 21.533905 0.1 33.322233 135.066732 0. 0.
nan 10.985271 0.1 20.374577 0.1 33.225200 135.169833 0. 0.
nan 12.124307 0.1 22.783390 0.1 33.175517 135.096383 0. 0.
nan 13.013926 0.1 23.687290 0.1 33.275027 134.986863 0. 0.
nan 7.542920 0.1 14.356768 0.1 33.228035 135.458452 0. 0.
nan 7.317201 0.1 14.167091 0.1 33.125067 135.524883 0. 0.
nan 8.650681 0.1 16.331390 0.1 33.083692 135.412142 0. 0.
nan 9.210623 0.1 17.608438 0.1 33.175217 135.341417 0. 0.
nan 4.852800 0.1 9.024980 0.1 33.159433 135.755700 0. 0.
nan 4.989080 0.1 9.400014 0.1 33.135933 135.858367 0. 0.
nan 5.477441 0.1 10.819410 0.1 33.141983 135.958600 0. 0.
nan 6.416865 0.1 12.917267 0.1 33.029878 135.840112 0. 0.
nan 5.746078 0.1 10.913739 0.1 33.091457 135.714368 0. 0.
nan 7.256517 0.1 13.640841 0.1 32.926983 135.774733 0. 0.
nan 7.685019 0.1 14.621568 0.1 32.891950 135.833550 0. 0.
nan 8.813153 0.1 16.552635 0.1 32.801677 135.773283 0. 0.
nan 8.416054 0.1 15.859715 0.1 32.860267 135.667000 0. 0.
nan 11.061012 0.1 20.652681 0.1 32.987950 135.225000 0. 0.
nan 10.852849 0.1 20.320599 0.1 32.882717 135.308200 0. 0.
nan 12.210192 0.1 22.841938 0.1 32.854517 135.191583 0. 0.
nan 12.428087 0.1 23.253975 0.1 32.891857 135.153747 0. 0.
nan 19.948076 0.1 36.703903 0.1 32.761517 134.516717 0. 0.
nan 19.156279 0.1 35.158714 0.1 32.708867 134.599567 0. 0.
nan 20.384243 0.1 37.321228 0.1 32.625133 134.516433 0. 0.
nan 21.156816 0.1 38.796669 0.1 32.675233 134.433400 0. 0.
nan 22.235325 0.1 40.444695 0.1 33.296480 134.194650 0. 0.
nan 22.111467 0.1 40.252224 0.1 33.295240 134.204350 0. 0.
nan 21.903490 0.1 39.769093 0.1 33.293930 134.214570 0. 0.
nan 21.679132 0.1 39.048592 0.1 33.291170 134.223480 0. 0.
nan 21.550835 0.1 38.974815 0.1 33.287430 134.232720 0. 0.
nan 21.375156 0.1 38.391834 0.1 33.284990 134.241320 0. 0.
nan 21.248201 0.1 38.163254 0.1 33.282590 134.249730 0. 0.
nan 21.138163 0.1 37.975948 0.1 33.280290 134.258190 0. 0.
nan 21.063484 0.1 37.951717 0.1 33.278060 134.266070 0. 0.
nan 21.102461 0.1 38.164127 0.1 33.271720 134.270710 0. 0.
nan 21.071600 0.1 38.107803 0.1 33.264890 134.275700 0. 0.
nan 21.025438 0.1 37.992836 0.1 33.256950 134.281510 0. 0.
nan 21.035788 0.1 38.246658 0.1 33.249410 134.287020 0. 0.
nan 20.954546 0.1 38.001137 0.1 33.241470 134.292820 0. 0.
nan 20.977348 0.1 38.228367 0.1 33.233540 134.298620 0. 0.
nan 20.944292 0.1 38.203201 0.1 33.226040 134.304090 0. 0.
nan 20.903753 0.1 38.086414 0.1 33.217880 134.308520 0. 0.
nan 20.904041 0.1 38.074585 0.1 33.209150 134.308810 0. 0.
nan 20.980942 0.1 38.265125 0.1 33.199960 134.309120 0. 0.
nan 21.003408 0.1 38.324821 0.1 33.191230 134.309410 0. 0.
nan 21.061007 0.1 38.591232 0.1 33.182240 134.309710 0. 0.
nan 21.075195 0.1 38.578587 0.1 33.173440 134.310000 0. 0.
nan 21.164644 0.1 38.849308 0.1 33.165130 134.310280 0. 0.
nan 21.168915 0.1 38.927353 0.1 33.156450 134.310570 0. 0.
nan 21.165586 0.1 38.931980 0.1 33.148210 134.310850 0. 0.
nan 21.207462 0.1 39.163567 0.1 33.139290 134.311140 0. 0.
nan 21.206984 0.1 39.035072 0.1 33.130600 134.311430 0. 0.
nan 21.269770 0.1 39.226788 0.1 33.121450 134.311740 0. 0.
nan 21.266294 0.1 39.159328 0.1 33.112290 134.312040 0. 0.
nan 21.294037 0.1 39.228653 0.1 33.103600 134.312330 0. 0.
nan 21.363352 0.1 39.478447 0.1 33.094860 134.312620 0. 0.
nan 21.402716 0.1 39.578766 0.1 33.086950 134.312880 0. 0.
nan 21.397400 0.1 39.502819 0.1 33.078630 134.313160 0. 0.
nan 21.419527 0.1 39.483364 0.1 33.070300 134.313440 0. 0.
nan 21.475475 0.1 39.722698 0.1 33.062390 134.313700 0. 0.
nan 21.457104 0.1 39.669228 0.1 33.054280 134.313970 0. 0.
nan 21.437433 0.1 39.604336 0.1 33.046760 134.314000 0. 0.
nan 21.491018 0.1 39.724838 0.1 33.038860 134.314010 0. 0.
nan 21.553373 0.1 39.893951 0.1 33.031340 134.314010 0. 0.
nan 21.594107 0.1 40.008144 0.1 33.023440 134.314010 0. 0.
nan 21.583076 0.1 39.915394 0.1 33.014400 134.314010 0. 0.
nan 21.583578 0.1 39.831142 0.1 33.004700 134.314020 0. 0.
nan 21.573135 0.1 39.746292 0.1 32.994500 134.314020 0. 0.
nan 21.607195 0.1 39.850437 0.1 32.984960 134.314930 0. 0.
nan 21.571472 0.1 39.816959 0.1 32.975560 134.319630 0. 0.
nan 21.614782 0.1 39.863281 0.1 32.967600 134.323610 0. 0.
nan 21.593826 0.1 39.898785 0.1 32.960390 134.327220 0. 0.
nan 21.573557 0.1 40.002033 0.1 32.953190 134.330820 0. 0.
nan 21.574648 0.1 39.761421 0.1 32.946340 134.334240 0. 0.
nan 21.547695 0.1 39.749523 0.1 32.939130 134.337840 0. 0.
nan 21.581694 0.1 39.897617 0.1 32.931500 134.339020 0. 0.
nan 21.647303 0.1 39.933895 0.1 32.922840 134.339020 0. 0.
nan 21.687641 0.1 40.114704 0.1 32.914590 134.339020 0. 0.
nan 21.663826 0.1 39.905155 0.1 32.905930 134.339020 0. 0.
nan 21.661243 0.1 39.898735 0.1 32.897400 134.337300 0. 0.
