# comments
nan 33.021225 0.1 60.055538 0.1 33.804783 136.557017 0. 0.
nan 33.573883 0.1 61.556156 0.1 33.752400 136.648833 0. 0.
nan 32.212132 0.1 59.164707 0.1 33.648417 136.603667 0. 0.
nan 31.267664 0.1 57.351578 0.1 33.678067 136.467383 0. 0.
nan 33.813984 0.1 61.867516 0.1 33.477217 136.926433 0. 0.
nan 32.898212 0.1 59.895176 0.1 33.358433 136.921583 0. 0.
nan 32.021374 0.1 58.940811 0.1 33.361333 136.807217 0. 0.
nan 32.596275 0.1 59.835308 0.1 33.466417 136.803850 0. 0.
nan 30.386843 0.1 55.629372 0.1 33.058383 136.831317 0. 0.
nan 30.971594 0.1 55.910275 0.1 33.053333 136.933483 0. 0.
nan 29.215605 0.1 53.201477 0.1 33.003250 136.778983 0. 0.
nan 30.232714 0.1 54.576393 0.1 33.127850 136.818817 0. 0.
nan 29.829746 0.1 54.621521 0.1 33.220050 136.690333 0. 0.
nan 28.383249 0.1 51.882801 0.1 33.172667 136.576950 0. 0.
nan 28.926264 0.1 53.472530 0.1 33.233100 136.563050 0. 0.
nan 29.625937 0.1 54.546005 0.1 33.304500 136.595800 0. 0.
nan 29.300055 0.1 53.864193 0.1 33.484967 136.445050 0. 0.
nan 27.985601 0.1 51.395329 0.1 33.385983 136.382783 0. 0.
nan 27.176655 0.1 49.622707 0.1 33.445900 136.256433 0. 0.
nan 28.737679 0.1 52.630772 0.1 33.544400 136.332467 0. 0.
nan 28.547709 0.1 51.877277 0.1 32.950627 136.741655 0. 0.
nan 26.513292 0.1 48.529064 0.1 33.330283 136.270167 0. 0.
nan 14.938961 0.1 26.828375 0.1 33.408480 134.744900 0. 0.
nan 14.829758 0.1 26.833477 0.1 33.339293 134.864088 0. 0.
nan 13.517853 0.1 24.615389 0.1 33.248992 134.769132 0. 0.
nan 13.918772 0.1 25.442802 0.1 33.320523 134.672350 0. 0.
nan 15.583295 0.1 28.082701 0.1 33.322233 135.066732 0. 0.
nan 15.394723 0.1 28.298834 0.1 33.225200 135.169833 0. 0.
nan 14.395308 0.1 26.889450 0.1 33.175517 135.096383 0. 0.
nan 14.773290 0.1 26.797541 0.1 33.275027 134.986863 0. 0.
nan 17.720167 0.1 32.645870 0.1 33.228035 135.458452 0. 0.
nan 17.500078 0.1 32.439068 0.1 33.125067 135.524883 0. 0.
nan 15.949014 0.1 29.443388 0.1 33.083692 135.412142 0. 0.
nan 16.418699 0.1 30.557070 0.1 33.175217 135.341417 0. 0.
nan 19.573055 0.1 35.454514 0.1 33.159433 135.755700 0. 0.
nan 20.506962 0.1 37.281662 0.1 33.135933 135.858367 0. 0.
nan 21.748472 0.1 40.070438 0.1 33.141983 135.958600 0. 0.
nan 19.894014 0.1 37.156834 0.1 33.029878 135.840112 0. 0.
nan 18.695986 0.1 34.187958 0.1 33.091457 135.714368 0. 0.
nan 18.133421 0.1 33.200336 0.1 32.926983 135.774733 0. 0.
nan 18.667908 0.1 34.380108 0.1 32.891950 135.833550 0. 0.
nan 17.480850 0.1 32.107529 0.1 32.801677 135.773283 0. 0.
nan 16.635162 0.1 30.656733 0.1 32.860267 135.667000 0. 0.
nan 13.272595 0.1 24.640423 0.1 32.987950 135.225000 0. 0.
nan 13.107275 0.1 24.379513 0.1 32.882717 135.308200 0. 0.
nan 11.804523 0.1 22.110023 0.1 32.854517 135.191583 0. 0.
nan 11.702344 0.1 21.980431 0.1 32.891857 135.153747 0. 0.
nan 6.278953 0.1 12.191789 0.1 32.761517 134.516717 0. 0.
nan 5.525141 0.1 10.678110 0.1 32.708867 134.599567 0. 0.
nan 4.638607 0.1 9.059809 0.1 32.625133 134.516433 0. 0.
nan 5.366316 0.1 10.423057 0.1 32.675233 134.433400 0. 0.
nan 14.045841 0.1 25.715017 0.1 33.296480 134.194650 0. 0.
nan 14.028170 0.1 25.696323 0.1 33.295240 134.204350 0. 0.
nan 13.811275 0.1 25.214094 0.1 33.293930 134.214570 0. 0.
nan 13.623636 0.1 24.574469 0.1 33.291170 134.223480 0. 0.
nan 13.502841 0.1 24.524317 0.1 33.287430 134.232720 0. 0.
nan 13.432029 0.1 24.094692 0.1 33.284990 134.241320 0. 0.
nan 13.339517 0.1 23.947380 0.1 33.282590 134.249730 0. 0.
nan 13.268962 0.1 23.795527 0.1 33.280290 134.258190 0. 0.
nan 13.207857 0.1 23.816456 0.1 33.278060 134.266070 0. 0.
nan 13.217337 0.1 23.961180 0.1 33.271720 134.270710 0. 0.
nan 13.126266 0.1 23.798120 0.1 33.264890 134.275700 0. 0.
nan 13.026550 0.1 23.601210 0.1 33.256950 134.281510 0. 0.
nan 12.977552 0.1 23.747452 0.1 33.249410 134.287020 0. 0.
nan 12.833249 0.1 23.392580 0.1 33.241470 134.292820 0. 0.
nan 12.796279 0.1 23.504416 0.1 33.233540 134.298620 0. 0.
nan 12.700200 0.1 23.359974 0.1 33.226040 134.304090 0. 0.
nan 12.597819 0.1 23.133423 0.1 33.217880 134.308520 0. 0.
nan 12.473406 0.1 22.899267 0.1 33.209150 134.308810 0. 0.
nan 12.413314 0.1 22.855200 0.1 33.199960 134.309120 0. 0.
nan 12.344836 0.1 22.743845 0.1 33.191230 134.309410 0. 0.
nan 12.293785 0.1 22.794678 0.1 33.182240 134.309710 0. 0.
nan 12.150179 0.1 22.518057 0.1 33.173440 134.310000 0. 0.
nan 12.140132 0.1 22.618690 0.1 33.165130 134.310280 0. 0.
nan 12.024290 0.1 22.492659 0.1 33.156450 134.310570 0. 0.
nan 11.881953 0.1 22.240322 0.1 33.148210 134.310850 0. 0.
nan 11.887113 0.1 22.385340 0.1 33.139290 134.311140 0. 0.
nan 11.754181 0.1 22.041656 0.1 33.130600 134.311430 0. 0.
nan 11.683742 0.1 21.978949 0.1 33.121450 134.311740 0. 0.
nan 11.557329 0.1 21.703407 0.1 33.112290 134.312040 0. 0.
nan 11.484560 0.1 21.582815 0.1 33.103600 134.312330 0. 0.
nan 11.420587 0.1 21.587852 0.1 33.094860 134.312620 0. 0.
nan 11.323518 0.1 21.436291 0.1 33.086950 134.312880 0. 0.
nan 11.205282 0.1 21.155790 0.1 33.078630 134.313160 0. 0.
nan 11.092377 0.1 20.908226 0.1 33.070300 134.313440 0. 0.
nan 11.066900 0.1 21.016554 0.1 33.062390 134.313700 0. 0.
nan 10.882811 0.1 20.657251 0.1 33.054280 134.313970 0. 0.
nan 10.839347 0.1 20.528404 0.1 33.046760 134.314000 0. 0.
nan 10.751640 0.1 20.418896 0.1 33.038860 134.314010 0. 0.
nan 10.695701 0.1 20.360739 0.1 33.031340 134.314010 0. 0.
nan 10.605087 0.1 20.239836 0.1 33.023440 134.314010 0. 0.
nan 10.443731 0.1 19.886471 0.1 33.014400 134.314010 0. 0.
nan 10.322468 0.1 19.569172 0.1 33.004700 134.314020 0. 0.
nan 10.171863 0.1 19.247238 0.1 32.994500 134.314020 0. 0.
nan 10.058765 0.1 19.099049 0.1 32.984960 134.314930 0. 0.
nan 9.896075 0.1 18.826462 0.1 32.975560 134.319630 0. 0.
nan 9.836030 0.1 18.702307 0.1 32.967600 134.323610 0. 0.
nan 9.729692 0.1 18.610321 0.1 32.960390 134.327220 0. 0.
nan 9.629907 0.1 18.494099 0.1 32.953190 134.330820 0. 0.
nan 9.514532 0.1 18.086826 0.1 32.946340 134.334240 0. 0.
nan 9.449621 0.1 18.002087 0.1 32.939130 134.337840 0. 0.
nan 9.322068 0.1 17.875187 0.1 32.931500 134.339020 0. 0.
nan 9.265346 0.1 17.696053 0.1 32.922840 134.339020 0. 0.
nan 9.136779 0.1 17.581572 0.1 32.914590 134.339020 0. 0.
nan 8.955235 0.1 17.046202 0.1 32.905930 134.339020 0. 0.
nan 8.836748 0.1 16.901276 0.1 32.897400 134.337300 0. 0.
