# comments
nan 10.039183 0.1 18.490803 0.1 33.804783 136.557017 0. 0.
nan 8.545833 0.1 16.404844 0.1 33.752400 136.648833 0. 0.
nan 7.532840 0.1 14.762444 0.1 33.648417 136.603667 0. 0.
nan 9.836582 0.1 18.585342 0.1 33.678067 136.467383 0. 0.
nan 3.096104 0.1 7.088973 0.1 33.477217 136.926433 0. 0.
nan 5.369993 0.1 10.336909 0.1 33.358433 136.921583 0. 0.
nan 5.497793 0.1 11.233663 0.1 33.361333 136.807217 0. 0.
nan 2.714144 0.1 6.632011 0.1 33.466417 136.803850 0. 0.
nan 9.962554 0.1 18.675636 0.1 33.058383 136.831317 0. 0.
nan 9.493813 0.1 17.100336 0.1 33.053333 136.933483 0. 0.
nan 10.413915 0.1 19.197765 0.1 33.003250 136.778983 0. 0.
nan 8.640105 0.1 15.449475 0.1 33.127850 136.818817 0. 0.
nan 8.261286 0.1 15.570360 0.1 33.220050 136.690333 0. 0.
nan 9.615826 0.1 17.787012 0.1 33.172667 136.576950 0. 0.
nan 9.450574 0.1 18.176521 0.1 33.233100 136.563050 0. 0.
nan 8.158471 0.1 15.730788 0.1 33.304500 136.595800 0. 0.
nan 9.314839 0.1 17.644232 0.1 33.484967 136.445050 0. 0.
nan 10.459331 0.1 19.541111 0.1 33.385983 136.382783 0. 0.
nan 11.681336 0.1 21.611292 0.1 33.445900 136.256433 0. 0.
nan 10.971566 0.1 20.332129 0.1 33.544400 136.332467 0. 0.
nan 11.189938 0.1 20.434820 0.1 32.950627 136.741655 0. 0.
nan 11.918483 0.1 22.120918 0.1 33.330283 136.270167 0. 0.
nan 29.430540 0.1 52.722519 0.1 33.408480 134.744900 0. 0.
nan 28.412670 0.1 51.061852 0.1 33.339293 134.864088 0. 0.
nan 29.754284 0.1 53.619648 0.1 33.248992 134.769132 0. 0.
nan 30.559546 0.1 55.212868 0.1 33.320523 134.672350 0. 0.
nan 26.025280 0.1 46.598652 0.1 33.322233 135.066732 0. 0.
nan 25.216850 0.1 45.745335 0.1 33.225200 135.169833 0. 0.
nan 26.403786 0.1 48.251404 0.1 33.175517 135.096383 0. 0.
nan 27.146606 0.1 48.902733 0.1 33.275027 134.986863 0. 0.
nan 21.726145 0.1 39.622002 0.1 33.228035 135.458452 0. 0.
nan 21.439674 0.1 39.343555 0.1 33.125067 135.524883 0. 0.
nan 22.842436 0.1 41.642262 0.1 33.083692 135.412142 0. 0.
nan 23.485519 0.1 43.056561 0.1 33.175217 135.341417 0. 0.
nan 18.153854 0.1 32.701740 0.1 33.159433 135.755700 0. 0.
nan 17.263090 0.1 31.237757 0.1 33.135933 135.858367 0. 0.
nan 16.374908 0.1 30.196302 0.1 33.141983 135.958600 0. 0.
nan 18.385365 0.1 34.225101 0.1 33.029878 135.840112 0. 0.
nan 19.082325 0.1 34.672440 0.1 33.091457 135.714368 0. 0.
nan 19.246668 0.1 34.994457 0.1 32.926983 135.774733 0. 0.
nan 18.956930 0.1 34.685524 0.1 32.891950 135.833550 0. 0.
nan 20.155842 0.1 36.752357 0.1 32.801677 135.773283 0. 0.
nan 20.818562 0.1 37.967842 0.1 32.860267 135.667000 0. 0.
nan 25.246881 0.1 45.954014 0.1 32.987950 135.225000 0. 0.
nan 24.663385 0.1 44.950825 0.1 32.882717 135.308200 0. 0.
nan 26.144169 0.1 47.687782 0.1 32.854517 135.191583 0. 0.
nan 26.478935 0.1 48.315342 0.1 32.891857 135.153747 0. 0.
nan 34.175865 0.1 62.134087 0.1 32.761517 134.516717 0. 0.
nan 33.306656 0.1 60.444973 0.1 32.708867 134.599567 0. 0.
nan 34.474651 0.1 62.504936 0.1 32.625133 134.516433 0. 0.
nan 35.330994 0.1 64.136658 0.1 32.675233 134.433400 0. 0.
nan 36.192757 0.1 65.353218 0.1 33.296480 134.194650 0. 0.
nan 36.066982 0.1 65.160255 0.1 33.295240 134.204350 0. 0.
nan 35.867977 0.1 64.688118 0.1 33.293930 134.214570 0. 0.
nan 35.645908 0.1 63.974861 0.1 33.291170 134.223480 0. 0.
nan 35.524876 0.1 63.917957 0.1 33.287430 134.232720 0. 0.
nan 35.348145 0.1 63.336281 0.1 33.284990 134.241320 0. 0.
nan 35.223942 0.1 63.108475 0.1 33.282590 134.249730 0. 0.
nan 35.116562 0.1 62.927715 0.1 33.280290 134.258190 0. 0.
nan 35.048969 0.1 62.912388 0.1 33.278060 134.266070 0. 0.
nan 35.092510 0.1 63.134094 0.1 33.271720 134.270710 0. 0.
nan 35.073318 0.1 63.104889 0.1 33.264890 134.275700 0. 0.
nan 35.038586 0.1 63.015545 0.1 33.256950 134.281510 0. 0.
nan 35.060284 0.1 63.296364 0.1 33.249410 134.287020 0. 0.
nan 34.989861 0.1 63.073124 0.1 33.241470 134.292820 0. 0.
nan 35.026466 0.1 63.324295 0.1 33.233540 134.298620 0. 0.
nan 35.004963 0.1 63.319420 0.1 33.226040 134.304090 0. 0.
nan 34.975491 0.1 63.228134 0.1 33.217880 134.308520 0. 0.
nan 34.997265 0.1 63.248905 0.1 33.209150 134.308810 0. 0.
nan 35.088257 0.1 63.464314 0.1 33.199960 134.309120 0. 0.
nan 35.118404 0.1 63.537121 0.1 33.191230 134.309410 0. 0.
nan 35.184124 0.1 63.822659 0.1 33.182240 134.309710 0. 0.
nan 35.207970 0.1 63.830875 0.1 33.173440 134.310000 0. 0.
nan 35.305683 0.1 64.115898 0.1 33.165130 134.310280 0. 0.
nan 35.319241 0.1 64.208549 0.1 33.156450 134.310570 0. 0.
nan 35.326653 0.1 64.231621 0.1 33.148210 134.310850 0. 0.
nan 35.374092 0.1 64.471611 0.1 33.139290 134.311140 0. 0.
nan 35.384476 0.1 64.363762 0.1 33.130600 134.311430 0. 0.
nan 35.456097 0.1 64.573883 0.1 33.121450 134.311740 0. 0.
nan 35.462326 0.1 64.522148 0.1 33.112290 134.312040 0. 0.
nan 35.494957 0.1 64.599655 0.1 33.103600 134.312330 0. 0.
nan 35.573223 0.1 64.866821 0.1 33.094860 134.312620 0. 0.
nan 35.619095 0.1 64.975990 0.1 33.086950 134.312880 0. 0.
nan 35.617359 0.1 64.908119 0.1 33.078630 134.313160 0. 0.
nan 35.649452 0.1 64.906090 0.1 33.070300 134.313440 0. 0.
nan 35.708000 0.1 65.149918 0.1 33.062390 134.313700 0. 0.
nan 35.695370 0.1 65.108711 0.1 33.054280 134.313970 0. 0.
nan 35.677280 0.1 65.047615 0.1 33.046760 134.314000 0. 0.
nan 35.739044 0.1 65.180717 0.1 33.038860 134.314010 0. 0.
nan 35.806160 0.1 65.355980 0.1 33.031340 134.314010 0. 0.
nan 35.853291 0.1 65.479759 0.1 33.023440 134.314010 0. 0.
nan 35.846237 0.1 65.395355 0.1 33.014400 134.314010 0. 0.
nan 35.850769 0.1 65.317024 0.1 33.004700 134.314020 0. 0.
nan 35.844612 0.1 65.240387 0.1 32.994500 134.314020 0. 0.
nan 35.882236 0.1 65.352173 0.1 32.984960 134.314930 0. 0.
nan 35.851357 0.1 65.328323 0.1 32.975560 134.319630 0. 0.
nan 35.896343 0.1 65.376862 0.1 32.967600 134.323610 0. 0.
nan 35.877914 0.1 65.415924 0.1 32.960390 134.327220 0. 0.
nan 35.859489 0.1 65.525658 0.1 32.953190 134.330820 0. 0.
nan 35.864437 0.1 65.294159 0.1 32.946340 134.334240 0. 0.
nan 35.838779 0.1 65.287422 0.1 32.939130 134.337840 0. 0.
nan 35.874928 0.1 65.441132 0.1 32.931500 134.339020 0. 0.
nan 35.940975 0.1 65.478119 0.1 32.922840 134.339020 0. 0.
nan 35.982021 0.1 65.661613 0.1 32.914590 134.339020 0. 0.
nan 35.958622 0.1 65.454781 0.1 32.905930 134.339020 0. 0.
nan 35.955826 0.1 65.448586 0.1 32.897400 134.337300 0. 0.
