# comments
nan 12.116669 0.1 22.252832 0.1 33.804783 136.557017 0. 0.
nan 11.587026 0.1 21.805820 0.1 33.752400 136.648833 0. 0.
nan 9.714762 0.1 18.563522 0.1 33.648417 136.603667 0. 0.
nan 10.230687 0.1 19.316628 0.1 33.678067 136.467383 0. 0.
nan 9.911852 0.1 18.657078 0.1 33.477217 136.926433 0. 0.
nan 9.089352 0.1 16.895050 0.1 33.358433 136.921583 0. 0.
nan 7.829627 0.1 15.355236 0.1 33.361333 136.807217 0. 0.
nan 8.411372 0.1 16.217575 0.1 33.466417 136.803850 0. 0.
nan 9.403627 0.1 17.671400 0.1 33.058383 136.831317 0. 0.
nan 9.869921 0.1 17.822060 0.1 33.053333 136.933483 0. 0.
nan 9.247765 0.1 17.046576 0.1 33.003250 136.778983 0. 0.
nan 8.203914 0.1 14.795969 0.1 33.127850 136.818817 0. 0.
nan 6.523360 0.1 12.680880 0.1 33.220050 136.690333 0. 0.
nan 6.020140 0.1 11.658215 0.1 33.172667 136.576950 0. 0.
nan 4.597919 0.1 10.415581 0.1 33.233100 136.563050 0. 0.
nan 3.713370 0.1 8.673249 0.1 33.304500 136.595800 0. 0.
nan 6.070762 0.1 12.450051 0.1 33.484967 136.445050 0. 0.
nan 4.596186 0.1 9.917682 0.1 33.385983 136.382783 0. 0.
nan 7.681860 0.1 14.698462 0.1 33.445900 136.256433 0. 0.
nan 8.337927 0.1 15.916999 0.1 33.544400 136.332467 0. 0.
nan 9.627925 0.1 17.599150 0.1 32.950627 136.741655 0. 0.
nan 6.780615 0.1 13.371764 0.1 33.330283 136.270167 0. 0.
nan 25.672611 0.1 46.046478 0.1 33.408480 134.744900 0. 0.
nan 24.548809 0.1 44.162621 0.1 33.339293 134.864088 0. 0.
nan 25.791258 0.1 46.539822 0.1 33.248992 134.769132 0. 0.
nan 26.717007 0.1 48.363819 0.1 33.320523 134.672350 0. 0.
nan 22.078671 0.1 39.577263 0.1 33.322233 135.066732 0. 0.
nan 21.121445 0.1 38.485703 0.1 33.225200 135.169833 0. 0.
nan 22.265434 0.1 40.905743 0.1 33.175517 135.096383 0. 0.
nan 23.148636 0.1 41.794502 0.1 33.275027 134.986863 0. 0.
nan 17.569084 0.1 32.249638 0.1 33.228035 135.458452 0. 0.
nan 17.110640 0.1 31.648373 0.1 33.125067 135.524883 0. 0.
nan 18.510792 0.1 33.950451 0.1 33.083692 135.412142 0. 0.
nan 19.283987 0.1 35.600658 0.1 33.175217 135.341417 0. 0.
nan 13.776576 0.1 24.924309 0.1 33.159433 135.755700 0. 0.
nan 12.796650 0.1 23.310280 0.1 33.135933 135.858367 0. 0.
nan 11.867484 0.1 22.054911 0.1 33.141983 135.958600 0. 0.
nan 13.837654 0.1 26.143524 0.1 33.029878 135.840112 0. 0.
nan 14.627096 0.1 26.749916 0.1 33.091457 135.714368 0. 0.
nan 14.702025 0.1 26.913879 0.1 32.926983 135.774733 0. 0.
nan 14.417413 0.1 26.620270 0.1 32.891950 135.833550 0. 0.
nan 15.654556 0.1 28.740952 0.1 32.801677 135.773283 0. 0.
nan 16.297325 0.1 29.925571 0.1 32.860267 135.667000 0. 0.
nan 20.887432 0.1 38.224327 0.1 32.987950 135.225000 0. 0.
nan 20.218374 0.1 37.062958 0.1 32.882717 135.308200 0. 0.
nan 21.713383 0.1 39.833309 0.1 32.854517 135.191583 0. 0.
nan 22.073359 0.1 40.506081 0.1 32.891857 135.153747 0. 0.
nan 29.871977 0.1 54.435436 0.1 32.761517 134.516717 0. 0.
nan 28.952330 0.1 52.658058 0.1 32.708867 134.599567 0. 0.
nan 30.109198 0.1 54.691944 0.1 32.625133 134.516433 0. 0.
nan 31.005930 0.1 56.399734 0.1 32.675233 134.433400 0. 0.
nan 32.367191 0.1 58.563553 0.1 33.296480 134.194650 0. 0.
nan 32.242546 0.1 58.369740 0.1 33.295240 134.204350 0. 0.
nan 32.036240 0.1 57.890015 0.1 33.293930 134.214570 0. 0.
nan 31.812046 0.1 57.170292 0.1 33.291170 134.223480 0. 0.
nan 31.685022 0.1 57.099907 0.1 33.287430 134.232720 0. 0.
nan 31.509171 0.1 56.516823 0.1 33.284990 134.241320 0. 0.
nan 31.383135 0.1 56.288326 0.1 33.282590 134.249730 0. 0.
nan 31.274017 0.1 56.101658 0.1 33.280290 134.258190 0. 0.
nan 31.201548 0.1 56.076954 0.1 33.278060 134.266070 0. 0.
nan 31.241930 0.1 56.292477 0.1 33.271720 134.270710 0. 0.
nan 31.214514 0.1 56.245064 0.1 33.264890 134.275700 0. 0.
nan 31.171604 0.1 56.137867 0.1 33.256950 134.281510 0. 0.
nan 31.185696 0.1 56.397076 0.1 33.249410 134.287020 0. 0.
nan 31.107927 0.1 56.154716 0.1 33.241470 134.292820 0. 0.
nan 31.133495 0.1 56.385742 0.1 33.233540 134.298620 0. 0.
nan 31.102789 0.1 56.366249 0.1 33.226040 134.304090 0. 0.
nan 31.065598 0.1 56.256935 0.1 33.217880 134.308520 0. 0.
nan 31.070492 0.1 56.250904 0.1 33.209150 134.308810 0. 0.
nan 31.150042 0.1 56.445244 0.1 33.199960 134.309120 0. 0.
nan 31.174021 0.1 56.507832 0.1 33.191230 134.309410 0. 0.
nan 31.232964 0.1 56.777813 0.1 33.182240 134.309710 0. 0.
nan 31.249537 0.1 56.769199 0.1 33.173440 134.310000 0. 0.
nan 31.340656 0.1 57.042786 0.1 33.165130 134.310280 0. 0.
nan 31.346245 0.1 57.123226 0.1 33.156450 134.310570 0. 0.
nan 31.344547 0.1 57.130665 0.1 33.148210 134.310850 0. 0.
nan 31.387039 0.1 57.363609 0.1 33.139290 134.311140 0. 0.
nan 31.387339 0.1 57.237808 0.1 33.130600 134.311430 0. 0.
nan 31.450624 0.1 57.431484 0.1 33.121450 134.311740 0. 0.
nan 31.447294 0.1 57.363953 0.1 33.112290 134.312040 0. 0.
nan 31.474962 0.1 57.431824 0.1 33.103600 134.312330 0. 0.
nan 31.543871 0.1 57.678474 0.1 33.094860 134.312620 0. 0.
nan 31.582722 0.1 57.777523 0.1 33.086950 134.312880 0. 0.
nan 31.576971 0.1 57.700500 0.1 33.078630 134.313160 0. 0.
nan 31.597466 0.1 57.678837 0.1 33.070300 134.313440 0. 0.
nan 31.653019 0.1 57.917492 0.1 33.062390 134.313700 0. 0.
nan 31.633337 0.1 57.861904 0.1 33.054280 134.313970 0. 0.
nan 31.613106 0.1 57.796177 0.1 33.046760 134.314000 0. 0.
nan 31.663889 0.1 57.912930 0.1 33.038860 134.314010 0. 0.
nan 31.724672 0.1 58.079166 0.1 33.031340 134.314010 0. 0.
nan 31.762762 0.1 58.187656 0.1 33.023440 134.314010 0. 0.
nan 31.749449 0.1 58.089264 0.1 33.014400 134.314010 0. 0.
nan 31.747601 0.1 57.998596 0.1 33.004700 134.314020 0. 0.
nan 31.733917 0.1 57.905636 0.1 32.994500 134.314020 0. 0.
nan 31.764820 0.1 57.999626 0.1 32.984960 134.314930 0. 0.
nan 31.724115 0.1 57.952824 0.1 32.975560 134.319630 0. 0.
nan 31.764984 0.1 57.995331 0.1 32.967600 134.323610 0. 0.
nan 31.740618 0.1 58.025097 0.1 32.960390 134.327220 0. 0.
nan 31.717447 0.1 58.119026 0.1 32.953190 134.330820 0. 0.
nan 31.711758 0.1 57.867046 0.1 32.946340 134.334240 0. 0.
nan 31.682095 0.1 57.850079 0.1 32.939130 134.337840 0. 0.
nan 31.710024 0.1 57.990139 0.1 32.931500 134.339020 0. 0.
nan 31.772861 0.1 58.020874 0.1 32.922840 134.339020 0. 0.
nan 31.806637 0.1 58.191757 0.1 32.914590 134.339020 0. 0.
nan 31.775620 0.1 57.965141 0.1 32.905930 134.339020 0. 0.
nan 31.768116 0.1 57.952969 0.1 32.897400 134.337300 0. 0.
