# comments
nan 18.892685 0.1 34.685196 0.1 33.804783 136.557017 0. 0.
nan 18.847773 0.1 35.083588 0.1 33.752400 136.648833 0. 0.
nan 17.269558 0.1 32.319756 0.1 33.648417 136.603667 0. 0.
nan 17.010345 0.1 31.707104 0.1 33.678067 136.467383 0. 0.
nan 17.429098 0.1 32.402412 0.1 33.477217 136.926433 0. 0.
nan 16.181890 0.1 29.839809 0.1 33.358433 136.921583 0. 0.
nan 15.505532 0.1 29.249552 0.1 33.361333 136.807217 0. 0.
nan 16.417257 0.1 30.742865 0.1 33.466417 136.803850 0. 0.
nan 13.182688 0.1 24.706694 0.1 33.058383 136.831317 0. 0.
nan 13.708843 0.1 24.880650 0.1 33.053333 136.933483 0. 0.
nan 12.017655 0.1 22.303743 0.1 33.003250 136.778983 0. 0.
nan 13.122349 0.1 23.826706 0.1 33.127850 136.818817 0. 0.
nan 13.100291 0.1 24.569344 0.1 33.220050 136.690333 0. 0.
nan 11.719392 0.1 21.919220 0.1 33.172667 136.576950 0. 0.
nan 12.470836 0.1 23.883797 0.1 33.233100 136.563050 0. 0.
nan 13.345566 0.1 25.278433 0.1 33.304500 136.595800 0. 0.
nan 14.332224 0.1 26.951460 0.1 33.484967 136.445050 0. 0.
nan 12.805575 0.1 24.092354 0.1 33.385983 136.382783 0. 0.
nan 12.911323 0.1 24.012207 0.1 33.445900 136.256433 0. 0.
nan 14.500504 0.1 27.034088 0.1 33.544400 136.332467 0. 0.
nan 11.369258 0.1 21.004202 0.1 32.950627 136.741655 0. 0.
nan 11.604518 0.1 21.736135 0.1 33.330283 136.270167 0. 0.
nan 19.423090 0.1 34.904293 0.1 33.408480 134.744900 0. 0.
nan 18.027500 0.1 32.607468 0.1 33.339293 134.864088 0. 0.
nan 18.685461 0.1 33.906563 0.1 33.248992 134.769132 0. 0.
nan 19.938274 0.1 36.302261 0.1 33.320523 134.672350 0. 0.
nan 15.879334 0.1 28.605856 0.1 33.322233 135.066732 0. 0.
nan 14.505448 0.1 26.745367 0.1 33.225200 135.169833 0. 0.
nan 15.089552 0.1 28.137936 0.1 33.175517 135.096383 0. 0.
nan 16.469679 0.1 29.969955 0.1 33.275027 134.986863 0. 0.
nan 11.852514 0.1 22.132490 0.1 33.228035 135.458452 0. 0.
nan 10.500693 0.1 19.913687 0.1 33.125067 135.524883 0. 0.
nan 11.154332 0.1 20.873608 0.1 33.083692 135.412142 0. 0.
nan 12.698019 0.1 23.917112 0.1 33.175217 135.341417 0. 0.
nan 8.877620 0.1 16.281727 0.1 33.159433 135.755700 0. 0.
nan 8.300485 0.1 15.378269 0.1 33.135933 135.858367 0. 0.
nan 8.375929 0.1 16.094807 0.1 33.141983 135.958600 0. 0.
nan 7.585026 0.1 15.065398 0.1 33.029878 135.840112 0. 0.
nan 8.442894 0.1 15.805692 0.1 33.091457 135.714368 0. 0.
nan 6.678049 0.1 12.649854 0.1 32.926983 135.774733 0. 0.
nan 6.252585 0.1 12.093264 0.1 32.891950 135.833550 0. 0.
nan 6.279409 0.1 12.054410 0.1 32.801677 135.773283 0. 0.
nan 7.208503 0.1 13.743878 0.1 32.860267 135.667000 0. 0.
nan 12.397951 0.1 23.108164 0.1 32.987950 135.225000 0. 0.
nan 10.978501 0.1 20.605047 0.1 32.882717 135.308200 0. 0.
nan 12.301291 0.1 23.063993 0.1 32.854517 135.191583 0. 0.
nan 12.876716 0.1 24.102156 0.1 32.891857 135.153747 0. 0.
nan 20.199768 0.1 37.203159 0.1 32.761517 134.516717 0. 0.
nan 19.038158 0.1 34.979198 0.1 32.708867 134.599567 0. 0.
nan 19.946058 0.1 36.569798 0.1 32.625133 134.516433 0. 0.
nan 21.041145 0.1 38.621964 0.1 32.675233 134.433400 0. 0.
nan 24.953997 0.1 45.362926 0.1 33.296480 134.194650 0. 0.
nan 24.843649 0.1 45.186447 0.1 33.295240 134.204350 0. 0.
nan 24.619558 0.1 44.683628 0.1 33.293930 134.214570 0. 0.
nan 24.392548 0.1 43.970520 0.1 33.291170 134.223480 0. 0.
nan 24.248035 0.1 43.874668 0.1 33.287430 134.232720 0. 0.
nan 24.087843 0.1 43.308563 0.1 33.284990 134.241320 0. 0.
nan 23.963198 0.1 43.079903 0.1 33.282590 134.249730 0. 0.
nan 23.856060 0.1 42.876442 0.1 33.280290 134.258190 0. 0.
nan 23.766829 0.1 42.831196 0.1 33.278060 134.266070 0. 0.
nan 23.792391 0.1 43.016315 0.1 33.271720 134.270710 0. 0.
nan 23.728598 0.1 42.901554 0.1 33.264890 134.275700 0. 0.
nan 23.655771 0.1 42.749912 0.1 33.256950 134.281510 0. 0.
nan 23.641239 0.1 42.962132 0.1 33.249410 134.287020 0. 0.
nan 23.529819 0.1 42.664497 0.1 33.241470 134.292820 0. 0.
nan 23.514997 0.1 42.824818 0.1 33.233540 134.298620 0. 0.
nan 23.446049 0.1 42.732182 0.1 33.226040 134.304090 0. 0.
nan 23.370228 0.1 42.558861 0.1 33.217880 134.308520 0. 0.
nan 23.330278 0.1 42.477089 0.1 33.209150 134.308810 0. 0.
nan 23.363819 0.1 42.588715 0.1 33.199960 134.309120 0. 0.
nan 23.359274 0.1 42.594704 0.1 33.191230 134.309410 0. 0.
nan 23.386332 0.1 42.789108 0.1 33.182240 134.309710 0. 0.
nan 23.346998 0.1 42.687946 0.1 33.173440 134.310000 0. 0.
nan 23.405697 0.1 42.909019 0.1 33.165130 134.310280 0. 0.
nan 23.375778 0.1 42.926628 0.1 33.156450 134.310570 0. 0.
nan 23.323301 0.1 42.845562 0.1 33.148210 134.310850 0. 0.
nan 23.348692 0.1 43.038025 0.1 33.139290 134.311140 0. 0.
nan 23.306833 0.1 42.841282 0.1 33.130600 134.311430 0. 0.
nan 23.321672 0.1 42.954254 0.1 33.121450 134.311740 0. 0.
nan 23.275455 0.1 42.814167 0.1 33.112290 134.312040 0. 0.
nan 23.280798 0.1 42.836407 0.1 33.103600 134.312330 0. 0.
nan 23.308767 0.1 43.015305 0.1 33.094860 134.312620 0. 0.
nan 23.311329 0.1 43.050816 0.1 33.086950 134.312880 0. 0.
nan 23.271526 0.1 42.902985 0.1 33.078630 134.313160 0. 0.
nan 23.246374 0.1 42.800774 0.1 33.070300 134.313440 0. 0.
nan 23.286674 0.1 43.007622 0.1 33.062390 134.313700 0. 0.
nan 23.213732 0.1 42.865555 0.1 33.054280 134.313970 0. 0.
nan 23.182835 0.1 42.777058 0.1 33.046760 134.314000 0. 0.
nan 23.193182 0.1 42.815250 0.1 33.038860 134.314010 0. 0.
nan 23.223673 0.1 42.929928 0.1 33.031340 134.314010 0. 0.
nan 23.221294 0.1 42.964272 0.1 33.023440 134.314010 0. 0.
nan 23.177187 0.1 42.800041 0.1 33.014400 134.314010 0. 0.
nan 23.138525 0.1 42.658596 0.1 33.004700 134.314020 0. 0.
nan 23.087931 0.1 42.505703 0.1 32.994500 134.314020 0. 0.
nan 23.079857 0.1 42.526764 0.1 32.984960 134.314930 0. 0.
nan 22.987471 0.1 42.393681 0.1 32.975560 134.319630 0. 0.
nan 23.006092 0.1 42.405659 0.1 32.967600 134.323610 0. 0.
nan 22.948469 0.1 42.381168 0.1 32.960390 134.327220 0. 0.
nan 22.888405 0.1 42.396812 0.1 32.953190 134.330820 0. 0.
nan 22.838758 0.1 42.082706 0.1 32.946340 134.334240 0. 0.
nan 22.792828 0.1 42.035686 0.1 32.939130 134.337840 0. 0.
nan 22.782125 0.1 42.096008 0.1 32.931500 134.339020 0. 0.
nan 22.820835 0.1 42.087921 0.1 32.922840 134.339020 0. 0.
nan 22.805687 0.1 42.176197 0.1 32.914590 134.339020 0. 0.
nan 22.727562 0.1 41.856953 0.1 32.905930 134.339020 0. 0.
nan 22.693867 0.1 41.808868 0.1 32.897400 134.337300 0. 0.
