# comments
nan 29.040859 0.1 52.922466 0.1 33.804783 136.557017 0. 0.
nan 29.564653 0.1 54.370995 0.1 33.752400 136.648833 0. 0.
nan 28.188662 0.1 51.955643 0.1 33.648417 136.603667 0. 0.
nan 27.270382 0.1 50.185482 0.1 33.678067 136.467383 0. 0.
nan 29.758080 0.1 54.599358 0.1 33.477217 136.926433 0. 0.
nan 28.848976 0.1 52.641933 0.1 33.358433 136.921583 0. 0.
nan 27.971495 0.1 51.682182 0.1 33.361333 136.807217 0. 0.
nan 28.542339 0.1 52.569126 0.1 33.466417 136.803850 0. 0.
nan 26.412954 0.1 48.506863 0.1 33.058383 136.831317 0. 0.
nan 27.002632 0.1 48.798992 0.1 33.053333 136.933483 0. 0.
nan 25.267593 0.1 46.122669 0.1 33.003250 136.778983 0. 0.
nan 26.228422 0.1 47.402870 0.1 33.127850 136.818817 0. 0.
nan 25.797691 0.1 47.394043 0.1 33.220050 136.690333 0. 0.
nan 24.359413 0.1 44.665295 0.1 33.172667 136.576950 0. 0.
nan 24.890787 0.1 46.232864 0.1 33.233100 136.563050 0. 0.
nan 25.580639 0.1 47.293308 0.1 33.304500 136.595800 0. 0.
nan 25.269733 0.1 46.635448 0.1 33.484967 136.445050 0. 0.
nan 23.948141 0.1 44.149723 0.1 33.385983 136.382783 0. 0.
nan 23.163216 0.1 42.422539 0.1 33.445900 136.256433 0. 0.
nan 24.728308 0.1 45.438141 0.1 33.544400 136.332467 0. 0.
nan 24.626287 0.1 44.843803 0.1 32.950627 136.741655 0. 0.
nan 22.483112 0.1 41.290337 0.1 33.330283 136.270167 0. 0.
nan 13.077699 0.1 23.518322 0.1 33.408480 134.744900 0. 0.
nan 12.510232 0.1 22.674656 0.1 33.339293 134.864088 0. 0.
nan 11.590987 0.1 21.167688 0.1 33.248992 134.769132 0. 0.
nan 12.401479 0.1 22.747072 0.1 33.320523 134.672350 0. 0.
nan 12.590374 0.1 22.700596 0.1 33.322233 135.066732 0. 0.
nan 12.099496 0.1 22.418501 0.1 33.225200 135.169833 0. 0.
nan 11.250946 0.1 21.255936 0.1 33.175517 135.096383 0. 0.
nan 11.907661 0.1 21.734156 0.1 33.275027 134.986863 0. 0.
nan 13.995648 0.1 25.974304 0.1 33.228035 135.458452 0. 0.
nan 13.662513 0.1 25.563980 0.1 33.125067 135.524883 0. 0.
nan 12.189623 0.1 22.713245 0.1 33.083692 135.412142 0. 0.
nan 12.791945 0.1 24.061491 0.1 33.175217 135.341417 0. 0.
nan 15.631217 0.1 28.380680 0.1 33.159433 135.755700 0. 0.
nan 16.532824 0.1 30.149826 0.1 33.135933 135.858367 0. 0.
nan 17.756863 0.1 32.909939 0.1 33.141983 135.958600 0. 0.
nan 15.937964 0.1 30.059299 0.1 33.029878 135.840112 0. 0.
nan 14.758498 0.1 27.129538 0.1 33.091457 135.714368 0. 0.
nan 14.235530 0.1 26.209970 0.1 32.926983 135.774733 0. 0.
nan 14.784434 0.1 27.418325 0.1 32.891950 135.833550 0. 0.
nan 13.695970 0.1 25.325150 0.1 32.801677 135.773283 0. 0.
nan 12.811673 0.1 23.808174 0.1 32.860267 135.667000 0. 0.
nan 9.721392 0.1 18.295031 0.1 32.987950 135.225000 0. 0.
nan 9.467068 0.1 17.868483 0.1 32.882717 135.308200 0. 0.
nan 8.333553 0.1 15.897521 0.1 32.854517 135.191583 0. 0.
nan 8.288164 0.1 15.880794 0.1 32.891857 135.153747 0. 0.
nan 7.579677 0.1 14.514010 0.1 32.761517 134.516717 0. 0.
nan 6.531340 0.1 12.503185 0.1 32.708867 134.599567 0. 0.
nan 7.075442 0.1 13.432805 0.1 32.625133 134.516433 0. 0.
nan 8.010526 0.1 15.187771 0.1 32.675233 134.433400 0. 0.
nan 14.479380 0.1 26.515783 0.1 33.296480 134.194650 0. 0.
nan 14.416910 0.1 26.413656 0.1 33.295240 134.204350 0. 0.
nan 14.186236 0.1 25.904074 0.1 33.293930 134.214570 0. 0.
nan 13.974860 0.1 25.226736 0.1 33.291170 134.223480 0. 0.
nan 13.833652 0.1 25.140333 0.1 33.287430 134.232720 0. 0.
nan 13.718452 0.1 24.645184 0.1 33.284990 134.241320 0. 0.
nan 13.610149 0.1 24.465769 0.1 33.282590 134.249730 0. 0.
nan 13.517585 0.1 24.275557 0.1 33.280290 134.258190 0. 0.
nan 13.434809 0.1 24.259596 0.1 33.278060 134.266070 0. 0.
nan 13.446012 0.1 24.414816 0.1 33.271720 134.270710 0. 0.
nan 13.357138 0.1 24.243349 0.1 33.264890 134.275700 0. 0.
nan 13.259142 0.1 24.052967 0.1 33.256950 134.281510 0. 0.
nan 13.215574 0.1 24.210056 0.1 33.249410 134.287020 0. 0.
nan 13.065894 0.1 23.837864 0.1 33.241470 134.292820 0. 0.
nan 13.024872 0.1 23.950148 0.1 33.233540 134.298620 0. 0.
nan 12.929078 0.1 23.803093 0.1 33.226040 134.304090 0. 0.
nan 12.823978 0.1 23.570442 0.1 33.217880 134.308520 0. 0.
nan 12.725092 0.1 23.383520 0.1 33.209150 134.308810 0. 0.
nan 12.692570 0.1 23.380606 0.1 33.199960 134.309120 0. 0.
nan 12.645677 0.1 23.308168 0.1 33.191230 134.309410 0. 0.
nan 12.616776 0.1 23.401154 0.1 33.182240 134.309710 0. 0.
nan 12.503273 0.1 23.177450 0.1 33.173440 134.310000 0. 0.
nan 12.517871 0.1 23.316818 0.1 33.165130 134.310280 0. 0.
nan 12.430529 0.1 23.231649 0.1 33.156450 134.310570 0. 0.
nan 12.315407 0.1 23.039530 0.1 33.148210 134.310850 0. 0.
nan 12.325792 0.1 23.194590 0.1 33.139290 134.311140 0. 0.
nan 12.218387 0.1 22.893763 0.1 33.130600 134.311430 0. 0.
nan 12.178210 0.1 22.882685 0.1 33.121450 134.311740 0. 0.
nan 12.076001 0.1 22.650747 0.1 33.112290 134.312040 0. 0.
nan 12.036054 0.1 22.595455 0.1 33.103600 134.312330 0. 0.
nan 12.010187 0.1 22.667227 0.1 33.094860 134.312620 0. 0.
nan 11.946859 0.1 22.585972 0.1 33.086950 134.312880 0. 0.
nan 11.862896 0.1 22.357433 0.1 33.078630 134.313160 0. 0.
nan 11.786309 0.1 22.165712 0.1 33.070300 134.313440 0. 0.
nan 11.791499 0.1 22.323532 0.1 33.062390 134.313700 0. 0.
nan 11.655113 0.1 22.062807 0.1 33.054280 134.313970 0. 0.
nan 11.611056 0.1 21.943617 0.1 33.046760 134.314000 0. 0.
nan 11.560611 0.1 21.886133 0.1 33.038860 134.314010 0. 0.
nan 11.547869 0.1 21.916668 0.1 33.031340 134.314010 0. 0.
nan 11.493743 0.1 21.853390 0.1 33.023440 134.314010 0. 0.
nan 11.383333 0.1 21.590359 0.1 33.014400 134.314010 0. 0.
nan 11.304115 0.1 21.346050 0.1 33.004700 134.314020 0. 0.
nan 11.189772 0.1 21.086622 0.1 32.994500 134.314020 0. 0.
nan 11.123397 0.1 21.013226 0.1 32.984960 134.314930 0. 0.
nan 10.977397 0.1 20.783533 0.1 32.975560 134.319630 0. 0.
nan 10.958735 0.1 20.727804 0.1 32.967600 134.323610 0. 0.
nan 10.870691 0.1 20.653248 0.1 32.960390 134.327220 0. 0.
nan 10.787254 0.1 20.603127 0.1 32.953190 134.330820 0. 0.
nan 10.691121 0.1 20.228024 0.1 32.946340 134.334240 0. 0.
nan 10.633032 0.1 20.154799 0.1 32.939130 134.337840 0. 0.
nan 10.562667 0.1 20.115463 0.1 32.931500 134.339020 0. 0.
nan 10.557652 0.1 20.032623 0.1 32.922840 134.339020 0. 0.
nan 10.484826 0.1 20.019077 0.1 32.914590 134.339020 0. 0.
nan 10.361662 0.1 19.599300 0.1 32.905930 134.339020 0. 0.
nan 10.290261 0.1 19.506046 0.1 32.897400 134.337300 0. 0.
