# comments
nan 23.451302 0.1 42.909500 0.1 33.804783 136.557017 0. 0.
nan 23.419886 0.1 43.332104 0.1 33.752400 136.648833 0. 0.
nan 21.845915 0.1 40.574650 0.1 33.648417 136.603667 0. 0.
nan 21.574200 0.1 39.939064 0.1 33.678067 136.467383 0. 0.
nan 21.820707 0.1 40.324852 0.1 33.477217 136.926433 0. 0.
nan 20.459063 0.1 37.554451 0.1 33.358433 136.921583 0. 0.
nan 19.875051 0.1 37.129829 0.1 33.361333 136.807217 0. 0.
nan 20.874937 0.1 38.783356 0.1 33.466417 136.803850 0. 0.
nan 17.018311 0.1 31.627285 0.1 33.058383 136.831317 0. 0.
nan 17.445881 0.1 31.615978 0.1 33.053333 136.933483 0. 0.
nan 15.752314 0.1 29.032681 0.1 33.003250 136.778983 0. 0.
nan 17.129992 0.1 31.056303 0.1 33.127850 136.818817 0. 0.
nan 17.393906 0.1 32.303303 0.1 33.220050 136.690333 0. 0.
nan 16.028681 0.1 29.681400 0.1 33.172667 136.576950 0. 0.
nan 16.870667 0.1 31.814451 0.1 33.233100 136.563050 0. 0.
nan 17.800690 0.1 33.309036 0.1 33.304500 136.595800 0. 0.
nan 18.906839 0.1 35.200111 0.1 33.484967 136.445050 0. 0.
nan 17.369570 0.1 32.318905 0.1 33.385983 136.382783 0. 0.
nan 17.436806 0.1 32.170120 0.1 33.445900 136.256433 0. 0.
nan 19.042267 0.1 35.221085 0.1 33.544400 136.332467 0. 0.
nan 14.976119 0.1 27.502346 0.1 32.950627 136.741655 0. 0.
nan 16.130606 0.1 29.890671 0.1 33.330283 136.270167 0. 0.
nan 20.061335 0.1 36.087002 0.1 33.408480 134.744900 0. 0.
nan 18.723911 0.1 33.875935 0.1 33.339293 134.864088 0. 0.
nan 18.926926 0.1 34.370350 0.1 33.248992 134.769132 0. 0.
nan 20.241640 0.1 36.881718 0.1 33.320523 134.672350 0. 0.
nan 17.027578 0.1 30.716717 0.1 33.322233 135.066732 0. 0.
nan 15.636154 0.1 28.805019 0.1 33.225200 135.169833 0. 0.
nan 15.775919 0.1 29.392017 0.1 33.175517 135.096383 0. 0.
nan 17.250603 0.1 31.410906 0.1 33.275027 134.986863 0. 0.
nan 14.047397 0.1 26.092327 0.1 33.228035 135.458452 0. 0.
nan 12.582163 0.1 23.674334 0.1 33.125067 135.524883 0. 0.
nan 12.551533 0.1 23.402552 0.1 33.083692 135.412142 0. 0.
nan 14.210114 0.1 26.663246 0.1 33.175217 135.341417 0. 0.
nan 12.131928 0.1 22.133518 0.1 33.159433 135.755700 0. 0.
nan 11.923715 0.1 21.897503 0.1 33.135933 135.858367 0. 0.
nan 12.347045 0.1 23.238646 0.1 33.141983 135.958600 0. 0.
nan 10.854307 0.1 20.946726 0.1 33.029878 135.840112 0. 0.
nan 11.304677 0.1 20.956799 0.1 33.091457 135.714368 0. 0.
nan 9.129356 0.1 17.067207 0.1 32.926983 135.774733 0. 0.
nan 8.819492 0.1 16.714966 0.1 32.891950 135.833550 0. 0.
nan 7.776082 0.1 14.707360 0.1 32.801677 135.773283 0. 0.
nan 8.560843 0.1 16.191431 0.1 32.860267 135.667000 0. 0.
nan 12.623264 0.1 23.531097 0.1 32.987950 135.225000 0. 0.
nan 10.856457 0.1 20.400558 0.1 32.882717 135.308200 0. 0.
nan 11.700690 0.1 21.994062 0.1 32.854517 135.191583 0. 0.
nan 12.364829 0.1 23.204523 0.1 32.891857 135.153747 0. 0.
nan 18.379101 0.1 33.941967 0.1 32.761517 134.516717 0. 0.
nan 17.061821 0.1 31.441311 0.1 32.708867 134.599567 0. 0.
nan 17.679729 0.1 32.508553 0.1 32.625133 134.516433 0. 0.
nan 18.908966 0.1 34.792847 0.1 32.675233 134.433400 0. 0.
nan 24.465973 0.1 44.515526 0.1 33.296480 134.194650 0. 0.
nan 24.370783 0.1 44.360794 0.1 33.295240 134.204350 0. 0.
nan 24.142385 0.1 43.850113 0.1 33.293930 134.214570 0. 0.
nan 23.920477 0.1 43.144623 0.1 33.291170 134.223480 0. 0.
nan 23.774208 0.1 43.040592 0.1 33.287430 134.232720 0. 0.
nan 23.626049 0.1 42.503155 0.1 33.284990 134.241320 0. 0.
nan 23.504271 0.1 42.294807 0.1 33.282590 134.249730 0. 0.
nan 23.401503 0.1 42.096096 0.1 33.280290 134.258190 0. 0.
nan 23.315382 0.1 42.055767 0.1 33.278060 134.266070 0. 0.
nan 23.334965 0.1 42.225529 0.1 33.271720 134.270710 0. 0.
nan 23.258253 0.1 42.076405 0.1 33.264890 134.275700 0. 0.
nan 23.171448 0.1 41.898598 0.1 33.256950 134.281510 0. 0.
nan 23.140366 0.1 42.076653 0.1 33.249410 134.287020 0. 0.
nan 23.008038 0.1 41.735535 0.1 33.241470 134.292820 0. 0.
nan 22.977177 0.1 41.869091 0.1 33.233540 134.298620 0. 0.
nan 22.892195 0.1 41.748592 0.1 33.226040 134.304090 0. 0.
nan 22.799747 0.1 41.545731 0.1 33.217880 134.308520 0. 0.
nan 22.734076 0.1 41.420101 0.1 33.209150 134.308810 0. 0.
nan 22.738392 0.1 41.482792 0.1 33.199960 134.309120 0. 0.
nan 22.716425 0.1 41.456821 0.1 33.191230 134.309410 0. 0.
nan 22.720835 0.1 41.607887 0.1 33.182240 134.309710 0. 0.
nan 22.648848 0.1 41.454533 0.1 33.173440 134.310000 0. 0.
nan 22.690533 0.1 41.645210 0.1 33.165130 134.310280 0. 0.
nan 22.635679 0.1 41.620560 0.1 33.156450 134.310570 0. 0.
nan 22.556067 0.1 41.488384 0.1 33.148210 134.310850 0. 0.
nan 22.574118 0.1 41.661755 0.1 33.139290 134.311140 0. 0.
nan 22.501993 0.1 41.421005 0.1 33.130600 134.311430 0. 0.
nan 22.493168 0.1 41.473515 0.1 33.121450 134.311740 0. 0.
nan 22.419992 0.1 41.283966 0.1 33.112290 134.312040 0. 0.
nan 22.406876 0.1 41.273575 0.1 33.103600 134.312330 0. 0.
nan 22.411352 0.1 41.408581 0.1 33.094860 134.312620 0. 0.
nan 22.384272 0.1 41.388458 0.1 33.086950 134.312880 0. 0.
nan 22.322416 0.1 41.201416 0.1 33.078630 134.313160 0. 0.
nan 22.273973 0.1 41.059315 0.1 33.070300 134.313440 0. 0.
nan 22.300459 0.1 41.245628 0.1 33.062390 134.313700 0. 0.
nan 22.193029 0.1 41.046432 0.1 33.054280 134.313970 0. 0.
nan 22.156382 0.1 40.941135 0.1 33.046760 134.314000 0. 0.
nan 22.136772 0.1 40.931431 0.1 33.038860 134.314010 0. 0.
nan 22.145515 0.1 41.007763 0.1 33.031340 134.314010 0. 0.
nan 22.120712 0.1 40.989803 0.1 33.023440 134.314010 0. 0.
nan 22.043804 0.1 40.783802 0.1 33.014400 134.314010 0. 0.
nan 21.987564 0.1 40.597935 0.1 33.004700 134.314020 0. 0.
nan 21.906384 0.1 40.390125 0.1 32.994500 134.314020 0. 0.
nan 21.868017 0.1 40.359222 0.1 32.984960 134.314930 0. 0.
nan 21.750193 0.1 40.179173 0.1 32.975560 134.319630 0. 0.
nan 21.748011 0.1 40.156815 0.1 32.967600 134.323610 0. 0.
nan 21.670656 0.1 40.100822 0.1 32.960390 134.327220 0. 0.
nan 21.599272 0.1 40.079311 0.1 32.953190 134.330820 0. 0.
nan 21.521994 0.1 39.724556 0.1 32.946340 134.334240 0. 0.
nan 21.467131 0.1 39.659149 0.1 32.939130 134.337840 0. 0.
nan 21.424625 0.1 39.667252 0.1 32.931500 134.339020 0. 0.
nan 21.438160 0.1 39.619778 0.1 32.922840 134.339020 0. 0.
nan 21.386068 0.1 39.644531 0.1 32.914590 134.339020 0. 0.
nan 21.281584 0.1 39.267887 0.1 32.905930 134.339020 0. 0.
nan 21.228086 0.1 39.194672 0.1 32.897400 134.337300 0. 0.
