# comments
nan 15.500790 0.1 28.504551 0.1 33.804783 136.557017 0. 0.
nan 14.329098 0.1 26.940228 0.1 33.752400 136.648833 0. 0.
nan 13.164741 0.1 24.915377 0.1 33.648417 136.603667 0. 0.
nan 14.606954 0.1 27.320805 0.1 33.678067 136.467383 0. 0.
nan 9.115181 0.1 17.316805 0.1 33.477217 136.926433 0. 0.
nan 6.796022 0.1 12.932471 0.1 33.358433 136.921583 0. 0.
nan 7.607064 0.1 15.024066 0.1 33.361333 136.807217 0. 0.
nan 9.326081 0.1 17.860310 0.1 33.466417 136.803850 0. 0.
nan 3.860756 0.1 8.098628 0.1 33.058383 136.831317 0. 0.
nan 1.937711 0.1 4.161272 0.1 33.053333 136.933483 0. 0.
nan 4.646401 0.1 9.092769 0.1 33.003250 136.778983 0. 0.
nan 3.773886 0.1 7.144498 0.1 33.127850 136.818817 0. 0.
nan 6.731046 0.1 13.094646 0.1 33.220050 136.690333 0. 0.
nan 7.749439 0.1 14.680876 0.1 33.172667 136.576950 0. 0.
nan 8.691162 0.1 16.984228 0.1 33.233100 136.563050 0. 0.
nan 8.889299 0.1 17.123760 0.1 33.304500 136.595800 0. 0.
nan 12.441286 0.1 23.472475 0.1 33.484967 136.445050 0. 0.
nan 12.065976 0.1 22.705254 0.1 33.385983 136.382783 0. 0.
nan 13.749143 0.1 25.467882 0.1 33.445900 136.256433 0. 0.
nan 14.048965 0.1 26.162220 0.1 33.544400 136.332467 0. 0.
nan 5.508360 0.1 10.462074 0.1 32.950627 136.741655 0. 0.
nan 12.958124 0.1 24.108570 0.1 33.330283 136.270167 0. 0.
nan 30.525526 0.1 54.820660 0.1 33.408480 134.744900 0. 0.
nan 29.298027 0.1 52.771069 0.1 33.339293 134.864088 0. 0.
nan 30.408693 0.1 54.898342 0.1 33.248992 134.769132 0. 0.
nan 31.453117 0.1 56.965111 0.1 33.320523 134.672350 0. 0.
nan 26.825279 0.1 48.164318 0.1 33.322233 135.066732 0. 0.
nan 25.689882 0.1 46.763371 0.1 33.225200 135.169833 0. 0.
nan 26.722574 0.1 48.965015 0.1 33.175517 135.096383 0. 0.
nan 27.803114 0.1 50.223209 0.1 33.275027 134.986863 0. 0.
nan 22.159597 0.1 40.590698 0.1 33.228035 135.458452 0. 0.
nan 21.363226 0.1 39.362091 0.1 33.125067 135.524883 0. 0.
nan 22.666542 0.1 41.495941 0.1 33.083692 135.412142 0. 0.
nan 23.748758 0.1 43.703484 0.1 33.175217 135.341417 0. 0.
nan 18.130768 0.1 32.799786 0.1 33.159433 135.755700 0. 0.
nan 16.969551 0.1 30.858791 0.1 33.135933 135.858367 0. 0.
nan 15.972377 0.1 29.611025 0.1 33.141983 135.958600 0. 0.
nan 17.464922 0.1 32.711811 0.1 33.029878 135.840112 0. 0.
nan 18.668966 0.1 34.081066 0.1 33.091457 135.714368 0. 0.
nan 17.868622 0.1 32.648937 0.1 32.926983 135.774733 0. 0.
nan 17.281507 0.1 31.797253 0.1 32.891950 135.833550 0. 0.
nan 18.156836 0.1 33.263458 0.1 32.801677 135.773283 0. 0.
nan 19.309048 0.1 35.389915 0.1 32.860267 135.667000 0. 0.
nan 24.788351 0.1 45.294571 0.1 32.987950 135.225000 0. 0.
nan 23.718025 0.1 43.426414 0.1 32.882717 135.308200 0. 0.
nan 25.220901 0.1 46.196392 0.1 32.854517 135.191583 0. 0.
nan 25.716570 0.1 47.110100 0.1 32.891857 135.153747 0. 0.
nan 33.520535 0.1 61.109486 0.1 32.761517 134.516717 0. 0.
nan 32.447346 0.1 59.035198 0.1 32.708867 134.599567 0. 0.
nan 33.458485 0.1 60.815796 0.1 32.625133 134.516433 0. 0.
nan 34.495811 0.1 62.776134 0.1 32.675233 134.433400 0. 0.
nan 36.995522 0.1 66.963997 0.1 33.296480 134.194650 0. 0.
nan 36.873016 0.1 66.773399 0.1 33.295240 134.204350 0. 0.
nan 36.662243 0.1 66.284729 0.1 33.293930 134.214570 0. 0.
nan 36.437138 0.1 65.565712 0.1 33.291170 134.223480 0. 0.
nan 36.305195 0.1 65.487350 0.1 33.287430 134.232720 0. 0.
nan 36.133244 0.1 64.905823 0.1 33.284990 134.241320 0. 0.
nan 36.004902 0.1 64.676628 0.1 33.282590 134.249730 0. 0.
nan 35.893829 0.1 64.486244 0.1 33.280290 134.258190 0. 0.
nan 35.816219 0.1 64.457932 0.1 33.278060 134.266070 0. 0.
nan 35.852615 0.1 64.664009 0.1 33.271720 134.270710 0. 0.
nan 35.812275 0.1 64.587738 0.1 33.264890 134.275700 0. 0.
nan 35.757904 0.1 64.461990 0.1 33.256950 134.281510 0. 0.
nan 35.761551 0.1 64.706841 0.1 33.249410 134.287020 0. 0.
nan 35.672981 0.1 64.449615 0.1 33.241470 134.292820 0. 0.
nan 35.688004 0.1 64.660172 0.1 33.233540 134.298620 0. 0.
nan 35.646454 0.1 64.615662 0.1 33.226040 134.304090 0. 0.
nan 35.590618 0.1 64.479088 0.1 33.217880 134.308520 0. 0.
nan 35.579060 0.1 64.449883 0.1 33.209150 134.308810 0. 0.
nan 35.645004 0.1 64.623245 0.1 33.199960 134.309120 0. 0.
nan 35.659687 0.1 64.667679 0.1 33.191230 134.309410 0. 0.
nan 35.707909 0.1 64.914200 0.1 33.182240 134.309710 0. 0.
nan 35.706696 0.1 64.878098 0.1 33.173440 134.310000 0. 0.
nan 35.786060 0.1 65.134209 0.1 33.165130 134.310280 0. 0.
nan 35.778931 0.1 65.194252 0.1 33.156450 134.310570 0. 0.
nan 35.758389 0.1 65.168587 0.1 33.148210 134.310850 0. 0.
nan 35.793552 0.1 65.384918 0.1 33.139290 134.311140 0. 0.
nan 35.779057 0.1 65.227226 0.1 33.130600 134.311430 0. 0.
nan 35.824585 0.1 65.389748 0.1 33.121450 134.311740 0. 0.
nan 35.804558 0.1 65.295387 0.1 33.112290 134.312040 0. 0.
nan 35.824329 0.1 65.349930 0.1 33.103600 134.312330 0. 0.
nan 35.876915 0.1 65.574013 0.1 33.094860 134.312620 0. 0.
nan 35.903088 0.1 65.655632 0.1 33.086950 134.312880 0. 0.
nan 35.887020 0.1 65.555374 0.1 33.078630 134.313160 0. 0.
nan 35.890160 0.1 65.500191 0.1 33.070300 134.313440 0. 0.
nan 35.940201 0.1 65.725960 0.1 33.062390 134.313700 0. 0.
nan 35.899220 0.1 65.632408 0.1 33.054280 134.313970 0. 0.
nan 35.873619 0.1 65.556679 0.1 33.046760 134.314000 0. 0.
nan 35.907188 0.1 65.641579 0.1 33.038860 134.314010 0. 0.
nan 35.956974 0.1 65.788582 0.1 33.031340 134.314010 0. 0.
nan 35.977051 0.1 65.867821 0.1 33.023440 134.314010 0. 0.
nan 35.952812 0.1 65.740654 0.1 33.014400 134.314010 0. 0.
nan 35.935154 0.1 65.625893 0.1 33.004700 134.314020 0. 0.
nan 35.905910 0.1 65.510284 0.1 32.994500 134.314020 0. 0.
nan 35.923401 0.1 65.576271 0.1 32.984960 134.314930 0. 0.
nan 35.858047 0.1 65.495300 0.1 32.975560 134.319630 0. 0.
nan 35.889957 0.1 65.526794 0.1 32.967600 134.323610 0. 0.
nan 35.852982 0.1 65.537483 0.1 32.960390 134.327220 0. 0.
nan 35.813343 0.1 65.595276 0.1 32.953190 134.330820 0. 0.
nan 35.783478 0.1 65.314026 0.1 32.946340 134.334240 0. 0.
nan 35.745903 0.1 65.283371 0.1 32.939130 134.337840 0. 0.
nan 35.755951 0.1 65.383995 0.1 32.931500 134.339020 0. 0.
nan 35.808514 0.1 65.394585 0.1 32.922840 134.339020 0. 0.
nan 35.822063 0.1 65.533546 0.1 32.914590 134.339020 0. 0.
nan 35.770126 0.1 65.264328 0.1 32.905930 134.339020 0. 0.
nan 35.749790 0.1 65.237991 0.1 32.897400 134.337300 0. 0.
