# comments
nan 6.361033 0.1 12.454219 0.1 33.804783 136.557017 0. 0.
nan 4.540865 0.1 10.036768 0.1 33.752400 136.648833 0. 0.
nan 2.505752 0.1 6.873231 0.1 33.648417 136.603667 0. 0.
nan 6.138998 0.1 12.578324 0.1 33.678067 136.467383 0. 0.
nan 8.242612 0.1 15.844859 0.1 33.477217 136.926433 0. 0.
nan 9.363216 0.1 17.434441 0.1 33.358433 136.921583 0. 0.
nan 8.885504 0.1 17.273987 0.1 33.361333 136.807217 0. 0.
nan 7.029356 0.1 13.993135 0.1 33.466417 136.803850 0. 0.
nan 12.819234 0.1 23.924959 0.1 33.058383 136.831317 0. 0.
nan 12.639040 0.1 22.863623 0.1 33.053333 136.933483 0. 0.
nan 13.100579 0.1 24.123379 0.1 33.003250 136.778983 0. 0.
nan 11.542524 0.1 20.884829 0.1 33.127850 136.818817 0. 0.
nan 10.747571 0.1 20.064119 0.1 33.220050 136.690333 0. 0.
nan 11.384183 0.1 21.182623 0.1 33.172667 136.576950 0. 0.
nan 11.051135 0.1 21.120556 0.1 33.233100 136.563050 0. 0.
nan 9.705749 0.1 18.575397 0.1 33.304500 136.595800 0. 0.
nan 7.815589 0.1 15.315827 0.1 33.484967 136.445050 0. 0.
nan 10.111505 0.1 19.088348 0.1 33.385983 136.382783 0. 0.
nan 10.720350 0.1 19.875725 0.1 33.445900 136.256433 0. 0.
nan 9.034013 0.1 17.164772 0.1 33.544400 136.332467 0. 0.
nan 13.758578 0.1 25.155649 0.1 32.950627 136.741655 0. 0.
nan 11.702477 0.1 21.781750 0.1 33.330283 136.270167 0. 0.
nan 28.172565 0.1 50.562210 0.1 33.408480 134.744900 0. 0.
nan 27.232788 0.1 49.072323 0.1 33.339293 134.864088 0. 0.
nan 28.650309 0.1 51.753788 0.1 33.248992 134.769132 0. 0.
nan 29.353804 0.1 53.149307 0.1 33.320523 134.672350 0. 0.
nan 24.929550 0.1 44.739735 0.1 33.322233 135.066732 0. 0.
nan 24.254187 0.1 44.135036 0.1 33.225200 135.169833 0. 0.
nan 25.489553 0.1 46.726780 0.1 33.175517 135.096383 0. 0.
nan 26.071190 0.1 47.093273 0.1 33.275027 134.986863 0. 0.
nan 20.860857 0.1 38.181641 0.1 33.228035 135.458452 0. 0.
nan 20.801825 0.1 38.313728 0.1 33.125067 135.524883 0. 0.
nan 22.201281 0.1 40.598209 0.1 33.083692 135.412142 0. 0.
nan 22.658796 0.1 41.692184 0.1 33.175217 135.341417 0. 0.
nan 17.627821 0.1 31.868147 0.1 33.159433 135.755700 0. 0.
nan 16.919363 0.1 30.741919 0.1 33.135933 135.858367 0. 0.
nan 16.178831 0.1 29.974899 0.1 33.141983 135.958600 0. 0.
nan 18.296457 0.1 34.188530 0.1 33.029878 135.840112 0. 0.
nan 18.689070 0.1 34.086605 0.1 33.091457 135.714368 0. 0.
nan 19.302143 0.1 35.214386 0.1 32.926983 135.774733 0. 0.
nan 19.174397 0.1 35.197540 0.1 32.891950 135.833550 0. 0.
nan 20.456894 0.1 37.418629 0.1 32.801677 135.773283 0. 0.
nan 20.861362 0.1 38.161942 0.1 32.860267 135.667000 0. 0.
nan 24.653948 0.1 45.002762 0.1 32.987950 135.225000 0. 0.
nan 24.309475 0.1 44.437073 0.1 32.882717 135.308200 0. 0.
nan 25.737209 0.1 47.077076 0.1 32.854517 135.191583 0. 0.
nan 26.000973 0.1 47.570129 0.1 32.891857 135.153747 0. 0.
nan 33.527359 0.1 61.079376 0.1 32.761517 134.516717 0. 0.
nan 32.751064 0.1 59.556065 0.1 32.708867 134.599567 0. 0.
nan 33.970394 0.1 61.713802 0.1 32.625133 134.516433 0. 0.
nan 34.740314 0.1 63.185070 0.1 32.675233 134.433400 0. 0.
nan 34.965122 0.1 63.236637 0.1 33.296480 134.194650 0. 0.
nan 34.838737 0.1 63.046261 0.1 33.295240 134.204350 0. 0.
nan 34.644184 0.1 62.578812 0.1 33.293930 134.214570 0. 0.
nan 34.423397 0.1 61.867081 0.1 33.291170 134.223480 0. 0.
nan 34.306927 0.1 61.817619 0.1 33.287430 134.232720 0. 0.
nan 34.135109 0.1 61.236370 0.1 33.284990 134.241320 0. 0.
nan 34.011742 0.1 61.010109 0.1 33.282590 134.249730 0. 0.
nan 33.905903 0.1 60.833187 0.1 33.280290 134.258190 0. 0.
nan 33.842213 0.1 60.825764 0.1 33.278060 134.266070 0. 0.
nan 33.888214 0.1 61.050251 0.1 33.271720 134.270710 0. 0.
nan 33.874149 0.1 61.028370 0.1 33.264890 134.275700 0. 0.
nan 33.845131 0.1 60.945698 0.1 33.256950 134.281510 0. 0.
nan 33.875000 0.1 61.236866 0.1 33.249410 134.287020 0. 0.
nan 33.810486 0.1 61.023911 0.1 33.241470 134.292820 0. 0.
nan 33.852459 0.1 61.288868 0.1 33.233540 134.298620 0. 0.
nan 33.839233 0.1 61.304939 0.1 33.226040 134.304090 0. 0.
nan 33.817909 0.1 61.236725 0.1 33.217880 134.308520 0. 0.
nan 33.847507 0.1 61.270836 0.1 33.209150 134.308810 0. 0.
nan 33.953655 0.1 61.509872 0.1 33.199960 134.309120 0. 0.
nan 33.989746 0.1 61.601028 0.1 33.191230 134.309410 0. 0.
nan 34.062584 0.1 61.902641 0.1 33.182240 134.309710 0. 0.
nan 34.095638 0.1 61.927078 0.1 33.173440 134.310000 0. 0.
nan 34.197929 0.1 62.226643 0.1 33.165130 134.310280 0. 0.
nan 34.217453 0.1 62.331493 0.1 33.156450 134.310570 0. 0.
nan 34.236122 0.1 62.371670 0.1 33.148210 134.310850 0. 0.
nan 34.288033 0.1 62.619091 0.1 33.139290 134.311140 0. 0.
nan 34.307915 0.1 62.527737 0.1 33.130600 134.311430 0. 0.
nan 34.390110 0.1 62.752705 0.1 33.121450 134.311740 0. 0.
nan 34.404041 0.1 62.721695 0.1 33.112290 134.312040 0. 0.
nan 34.441280 0.1 62.808674 0.1 33.103600 134.312330 0. 0.
nan 34.530991 0.1 63.093513 0.1 33.094860 134.312620 0. 0.
nan 34.584614 0.1 63.212875 0.1 33.086950 134.312880 0. 0.
nan 34.586742 0.1 63.152973 0.1 33.078630 134.313160 0. 0.
nan 34.631279 0.1 63.172115 0.1 33.070300 134.313440 0. 0.
nan 34.692696 0.1 63.422016 0.1 33.062390 134.313700 0. 0.
nan 34.689510 0.1 63.400124 0.1 33.054280 134.313970 0. 0.
nan 34.673561 0.1 63.344044 0.1 33.046760 134.314000 0. 0.
nan 34.743889 0.1 63.496887 0.1 33.038860 134.314010 0. 0.
nan 34.816944 0.1 63.682766 0.1 33.031340 134.314010 0. 0.
nan 34.876545 0.1 63.826527 0.1 33.023440 134.314010 0. 0.
nan 34.875816 0.1 63.755932 0.1 33.014400 134.314010 0. 0.
nan 34.886574 0.1 63.686337 0.1 33.004700 134.314020 0. 0.
nan 34.891491 0.1 63.632942 0.1 32.994500 134.314020 0. 0.
nan 34.936050 0.1 63.767765 0.1 32.984960 134.314930 0. 0.
nan 34.920597 0.1 63.773109 0.1 32.975560 134.319630 0. 0.
nan 34.970016 0.1 63.827728 0.1 32.967600 134.323610 0. 0.
nan 34.958290 0.1 63.875874 0.1 32.960390 134.327220 0. 0.
nan 34.946358 0.1 63.994621 0.1 32.953190 134.330820 0. 0.
nan 34.963753 0.1 63.780647 0.1 32.946340 134.334240 0. 0.
nan 34.942360 0.1 63.781559 0.1 32.939130 134.337840 0. 0.
nan 34.990295 0.1 63.956703 0.1 32.931500 134.339020 0. 0.
nan 35.062870 0.1 64.001953 0.1 32.922840 134.339020 0. 0.
nan 35.113239 0.1 64.202545 0.1 32.914590 134.339020 0. 0.
nan 35.102322 0.1 64.020645 0.1 32.905930 134.339020 0. 0.
nan 35.107632 0.1 64.026672 0.1 32.897400 134.337300 0. 0.
