# comments
nan 9.895398 0.1 18.516312 0.1 33.804783 136.557017 0. 0.
nan 8.950992 0.1 17.320536 0.1 33.752400 136.648833 0. 0.
nan 7.827887 0.1 15.388047 0.1 33.648417 136.603667 0. 0.
nan 9.086132 0.1 17.472988 0.1 33.678067 136.467383 0. 0.
nan 5.928284 0.1 11.729939 0.1 33.477217 136.926433 0. 0.
nan 5.321370 0.1 10.335926 0.1 33.358433 136.921583 0. 0.
nan 5.183258 0.1 10.719141 0.1 33.361333 136.807217 0. 0.
nan 5.473501 0.1 11.094891 0.1 33.466417 136.803850 0. 0.
nan 7.031586 0.1 13.608261 0.1 33.058383 136.831317 0. 0.
nan 6.840365 0.1 12.517003 0.1 33.053333 136.933483 0. 0.
nan 7.273501 0.1 13.736574 0.1 33.003250 136.778983 0. 0.
nan 5.919236 0.1 10.867611 0.1 33.127850 136.818817 0. 0.
nan 5.777165 0.1 11.361609 0.1 33.220050 136.690333 0. 0.
nan 6.560048 0.1 12.620045 0.1 33.172667 136.576950 0. 0.
nan 6.615794 0.1 13.363890 0.1 33.233100 136.563050 0. 0.
nan 5.945527 0.1 11.973184 0.1 33.304500 136.595800 0. 0.
nan 7.606445 0.1 14.843132 0.1 33.484967 136.445050 0. 0.
nan 7.888795 0.1 15.262484 0.1 33.385983 136.382783 0. 0.
nan 9.226729 0.1 17.399765 0.1 33.445900 136.256433 0. 0.
nan 9.005614 0.1 17.152893 0.1 33.544400 136.332467 0. 0.
nan 7.896068 0.1 14.716866 0.1 32.950627 136.741655 0. 0.
nan 9.095882 0.1 17.231833 0.1 33.330283 136.270167 0. 0.
nan 26.374132 0.1 47.394440 0.1 33.408480 134.744900 0. 0.
nan 25.289604 0.1 45.635605 0.1 33.339293 134.864088 0. 0.
nan 26.559969 0.1 48.067558 0.1 33.248992 134.769132 0. 0.
nan 27.439587 0.1 49.792320 0.1 33.320523 134.672350 0. 0.
nan 22.885344 0.1 41.167782 0.1 33.322233 135.066732 0. 0.
nan 21.992537 0.1 40.184429 0.1 33.225200 135.169833 0. 0.
nan 23.133150 0.1 42.597298 0.1 33.175517 135.096383 0. 0.
nan 23.958464 0.1 43.392529 0.1 33.275027 134.986863 0. 0.
nan 18.522833 0.1 34.087727 0.1 33.228035 135.458452 0. 0.
nan 18.088524 0.1 33.534904 0.1 33.125067 135.524883 0. 0.
nan 19.457251 0.1 35.783207 0.1 33.083692 135.412142 0. 0.
nan 20.209419 0.1 37.408802 0.1 33.175217 135.341417 0. 0.
nan 14.844768 0.1 26.963911 0.1 33.159433 135.755700 0. 0.
nan 13.878204 0.1 25.364830 0.1 33.135933 135.858367 0. 0.
nan 12.962761 0.1 24.282011 0.1 33.141983 135.958600 0. 0.
nan 14.857215 0.1 28.097513 0.1 33.029878 135.840112 0. 0.
nan 15.661112 0.1 28.739138 0.1 33.091457 135.714368 0. 0.
nan 15.618211 0.1 28.684713 0.1 32.926983 135.774733 0. 0.
nan 15.279251 0.1 28.293205 0.1 32.891950 135.833550 0. 0.
nan 16.410748 0.1 30.240559 0.1 32.801677 135.773283 0. 0.
nan 17.150883 0.1 31.588718 0.1 32.860267 135.667000 0. 0.
nan 21.774193 0.1 39.938438 0.1 32.987950 135.225000 0. 0.
nan 21.081491 0.1 38.738403 0.1 32.882717 135.308200 0. 0.
nan 22.558687 0.1 41.472691 0.1 32.854517 135.191583 0. 0.
nan 22.926151 0.1 42.156605 0.1 32.891857 135.153747 0. 0.
nan 30.617002 0.1 55.915974 0.1 32.761517 134.516717 0. 0.
nan 29.694727 0.1 54.136787 0.1 32.708867 134.599567 0. 0.
nan 30.826248 0.1 56.125439 0.1 32.625133 134.516433 0. 0.
nan 31.727461 0.1 57.833580 0.1 32.675233 134.433400 0. 0.
nan 33.061649 0.1 59.908958 0.1 33.296480 134.194650 0. 0.
nan 32.936729 0.1 59.716431 0.1 33.295240 134.204350 0. 0.
nan 32.732590 0.1 59.239693 0.1 33.293930 134.214570 0. 0.
nan 32.508781 0.1 58.522968 0.1 33.291170 134.223480 0. 0.
nan 32.382317 0.1 58.456760 0.1 33.287430 134.232720 0. 0.
nan 32.208027 0.1 57.874035 0.1 33.284990 134.241320 0. 0.
nan 32.082447 0.1 57.645958 0.1 33.282590 134.249730 0. 0.
nan 31.973843 0.1 57.462479 0.1 33.280290 134.258190 0. 0.
nan 31.902956 0.1 57.443981 0.1 33.278060 134.266070 0. 0.
nan 31.944326 0.1 57.661072 0.1 33.271720 134.270710 0. 0.
nan 31.919222 0.1 57.618565 0.1 33.264890 134.275700 0. 0.
nan 31.878111 0.1 57.516670 0.1 33.256950 134.281510 0. 0.
nan 31.894169 0.1 57.781723 0.1 33.249410 134.287020 0. 0.
nan 31.818777 0.1 57.544205 0.1 33.241470 134.292820 0. 0.
nan 31.846724 0.1 57.779503 0.1 33.233540 134.298620 0. 0.
nan 31.817619 0.1 57.764606 0.1 33.226040 134.304090 0. 0.
nan 31.782530 0.1 57.662540 0.1 33.217880 134.308520 0. 0.
nan 31.791168 0.1 57.663719 0.1 33.209150 134.308810 0. 0.
nan 31.871944 0.1 57.862087 0.1 33.199960 134.309120 0. 0.
nan 31.896776 0.1 57.927387 0.1 33.191230 134.309410 0. 0.
nan 31.956541 0.1 58.200974 0.1 33.182240 134.309710 0. 0.
nan 31.974417 0.1 58.194386 0.1 33.173440 134.310000 0. 0.
nan 32.066696 0.1 58.469482 0.1 33.165130 134.310280 0. 0.
nan 32.073475 0.1 58.551880 0.1 33.156450 134.310570 0. 0.
nan 32.073265 0.1 58.561752 0.1 33.148210 134.310850 0. 0.
nan 32.116653 0.1 58.795971 0.1 33.139290 134.311140 0. 0.
nan 32.118233 0.1 58.673050 0.1 33.130600 134.311430 0. 0.
nan 32.182739 0.1 58.868351 0.1 33.121450 134.311740 0. 0.
nan 32.180611 0.1 58.803928 0.1 33.112290 134.312040 0. 0.
nan 32.208752 0.1 58.874760 0.1 33.103600 134.312330 0. 0.
nan 32.278732 0.1 59.126926 0.1 33.094860 134.312620 0. 0.
nan 32.318310 0.1 59.228039 0.1 33.086950 134.312880 0. 0.
nan 32.313015 0.1 59.152325 0.1 33.078630 134.313160 0. 0.
nan 32.335014 0.1 59.132183 0.1 33.070300 134.313440 0. 0.
nan 32.390785 0.1 59.370815 0.1 33.062390 134.313700 0. 0.
nan 32.371918 0.1 59.314632 0.1 33.054280 134.313970 0. 0.
nan 32.352077 0.1 59.249222 0.1 33.046760 134.314000 0. 0.
nan 32.404438 0.1 59.365734 0.1 33.038860 134.314010 0. 0.
nan 32.465919 0.1 59.531773 0.1 33.031340 134.314010 0. 0.
nan 32.505024 0.1 59.643333 0.1 33.023440 134.314010 0. 0.
nan 32.492287 0.1 59.547386 0.1 33.014400 134.314010 0. 0.
nan 32.490841 0.1 59.459232 0.1 33.004700 134.314020 0. 0.
nan 32.477581 0.1 59.370140 0.1 32.994500 134.314020 0. 0.
nan 32.508705 0.1 59.468952 0.1 32.984960 134.314930 0. 0.
nan 32.468235 0.1 59.429626 0.1 32.975560 134.319630 0. 0.
nan 32.509094 0.1 59.473736 0.1 32.967600 134.323610 0. 0.
nan 32.484764 0.1 59.506790 0.1 32.960390 134.327220 0. 0.
nan 32.461647 0.1 59.605938 0.1 32.953190 134.330820 0. 0.
nan 32.456505 0.1 59.356506 0.1 32.946340 134.334240 0. 0.
nan 32.426910 0.1 59.339890 0.1 32.939130 134.337840 0. 0.
nan 32.454529 0.1 59.477535 0.1 32.931500 134.339020 0. 0.
nan 32.517014 0.1 59.506142 0.1 32.922840 134.339020 0. 0.
nan 32.550495 0.1 59.676868 0.1 32.914590 134.339020 0. 0.
nan 32.519215 0.1 59.451790 0.1 32.905930 134.339020 0. 0.
nan 32.511227 0.1 59.439739 0.1 32.897400 134.337300 0. 0.
