# comments
nan 21.687172 0.1 39.676956 0.1 33.804783 136.557017 0. 0.
nan 22.410614 0.1 41.460560 0.1 33.752400 136.648833 0. 0.
nan 21.209499 0.1 39.379845 0.1 33.648417 136.603667 0. 0.
nan 20.087404 0.1 37.251377 0.1 33.678067 136.467383 0. 0.
nan 23.534389 0.1 43.351955 0.1 33.477217 136.926433 0. 0.
nan 22.987719 0.1 42.052700 0.1 33.358433 136.921583 0. 0.
nan 22.017374 0.1 40.912041 0.1 33.361333 136.807217 0. 0.
nan 22.250652 0.1 41.200237 0.1 33.466417 136.803850 0. 0.
nan 21.667128 0.1 39.920784 0.1 33.058383 136.831317 0. 0.
nan 22.299278 0.1 40.306690 0.1 33.053333 136.933483 0. 0.
nan 20.766506 0.1 37.980022 0.1 33.003250 136.778983 0. 0.
nan 21.170389 0.1 38.264088 0.1 33.127850 136.818817 0. 0.
nan 20.279900 0.1 37.416927 0.1 33.220050 136.690333 0. 0.
nan 18.970623 0.1 34.922325 0.1 33.172667 136.576950 0. 0.
nan 19.231392 0.1 36.014252 0.1 33.233100 136.563050 0. 0.
nan 19.647326 0.1 36.579754 0.1 33.304500 136.595800 0. 0.
nan 18.503752 0.1 34.430038 0.1 33.484967 136.445050 0. 0.
nan 17.448902 0.1 32.409111 0.1 33.385983 136.382783 0. 0.
nan 16.268497 0.1 29.988619 0.1 33.445900 136.256433 0. 0.
nan 17.716484 0.1 32.794357 0.1 33.544400 136.332467 0. 0.
nan 20.349709 0.1 37.108772 0.1 32.950627 136.741655 0. 0.
nan 16.100534 0.1 29.739260 0.1 33.330283 136.270167 0. 0.
nan 8.761316 0.1 15.687696 0.1 33.408480 134.744900 0. 0.
nan 7.361313 0.1 13.414122 0.1 33.339293 134.864088 0. 0.
nan 8.204163 0.1 15.038562 0.1 33.248992 134.769132 0. 0.
nan 9.350783 0.1 17.231836 0.1 33.320523 134.672350 0. 0.
nan 5.571731 0.1 10.115093 0.1 33.322233 135.066732 0. 0.
nan 4.867273 0.1 9.458662 0.1 33.225200 135.169833 0. 0.
nan 5.259076 0.1 10.504200 0.1 33.175517 135.096383 0. 0.
nan 5.940495 0.1 11.056614 0.1 33.275027 134.986863 0. 0.
nan 6.475152 0.1 12.439014 0.1 33.228035 135.458452 0. 0.
nan 7.308260 0.1 14.116532 0.1 33.125067 135.524883 0. 0.
nan 6.206945 0.1 11.946967 0.1 33.083692 135.412142 0. 0.
nan 5.573079 0.1 11.096971 0.1 33.175217 135.341417 0. 0.
nan 9.309417 0.1 16.968493 0.1 33.159433 135.755700 0. 0.
nan 10.597251 0.1 19.427225 0.1 33.135933 135.858367 0. 0.
nan 11.904267 0.1 22.335121 0.1 33.141983 135.958600 0. 0.
nan 10.896906 0.1 20.957125 0.1 33.029878 135.840112 0. 0.
nan 9.021848 0.1 16.765503 0.1 33.091457 135.714368 0. 0.
nan 10.194438 0.1 18.915527 0.1 32.926983 135.774733 0. 0.
nan 11.041809 0.1 20.654240 0.1 32.891950 135.833550 0. 0.
nan 11.000988 0.1 20.459059 0.1 32.801677 135.773283 0. 0.
nan 9.670601 0.1 18.123610 0.1 32.860267 135.667000 0. 0.
nan 6.016985 0.1 11.610744 0.1 32.987950 135.225000 0. 0.
nan 7.318739 0.1 13.968863 0.1 32.882717 135.308200 0. 0.
nan 7.486825 0.1 14.355103 0.1 32.854517 135.191583 0. 0.
nan 7.174266 0.1 13.823494 0.1 32.891857 135.153747 0. 0.
nan 12.872977 0.1 23.979010 0.1 32.761517 134.516717 0. 0.
nan 12.364554 0.1 22.942701 0.1 32.708867 134.599567 0. 0.
nan 13.687540 0.1 25.274250 0.1 32.625133 134.516433 0. 0.
nan 14.202258 0.1 26.293213 0.1 32.675233 134.433400 0. 0.
nan 14.816081 0.1 27.081272 0.1 33.296480 134.194650 0. 0.
nan 14.694345 0.1 26.889317 0.1 33.295240 134.204350 0. 0.
nan 14.480412 0.1 26.397814 0.1 33.293930 134.214570 0. 0.
nan 14.254134 0.1 25.677935 0.1 33.291170 134.223480 0. 0.
nan 14.119362 0.1 25.593962 0.1 33.287430 134.232720 0. 0.
nan 13.945626 0.1 25.013056 0.1 33.284990 134.241320 0. 0.
nan 13.816278 0.1 24.782560 0.1 33.282590 134.249730 0. 0.
nan 13.703900 0.1 24.587587 0.1 33.280290 134.258190 0. 0.
nan 13.622892 0.1 24.550821 0.1 33.278060 134.266070 0. 0.
nan 13.656546 0.1 24.751669 0.1 33.271720 134.270710 0. 0.
nan 13.611350 0.1 24.667206 0.1 33.264890 134.275700 0. 0.
nan 13.554737 0.1 24.537893 0.1 33.256950 134.281510 0. 0.
nan 13.556190 0.1 24.778006 0.1 33.249410 134.287020 0. 0.
nan 13.465202 0.1 24.516254 0.1 33.241470 134.292820 0. 0.
nan 13.478766 0.1 24.723484 0.1 33.233540 134.298620 0. 0.
nan 13.435298 0.1 24.674137 0.1 33.226040 134.304090 0. 0.
nan 13.378399 0.1 24.536089 0.1 33.217880 134.308520 0. 0.
nan 13.369226 0.1 24.508709 0.1 33.209150 134.308810 0. 0.
nan 13.438283 0.1 24.686457 0.1 33.199960 134.309120 0. 0.
nan 13.455833 0.1 24.736559 0.1 33.191230 134.309410 0. 0.
nan 13.507506 0.1 24.990862 0.1 33.182240 134.309710 0. 0.
nan 13.512521 0.1 24.964117 0.1 33.173440 134.310000 0. 0.
nan 13.597027 0.1 25.227152 0.1 33.165130 134.310280 0. 0.
nan 13.596521 0.1 25.298021 0.1 33.156450 134.310570 0. 0.
nan 13.586630 0.1 25.292366 0.1 33.148210 134.310850 0. 0.
nan 13.625916 0.1 25.518749 0.1 33.139290 134.311140 0. 0.
nan 13.621582 0.1 25.381018 0.1 33.130600 134.311430 0. 0.
nan 13.680434 0.1 25.565771 0.1 33.121450 134.311740 0. 0.
nan 13.673936 0.1 25.492640 0.1 33.112290 134.312040 0. 0.
nan 13.700684 0.1 25.559439 0.1 33.103600 134.312330 0. 0.
nan 13.768291 0.1 25.806324 0.1 33.094860 134.312620 0. 0.
nan 13.806970 0.1 25.905712 0.1 33.086950 134.312880 0. 0.
nan 13.801566 0.1 25.829323 0.1 33.078630 134.313160 0. 0.
nan 13.823752 0.1 25.810448 0.1 33.070300 134.313440 0. 0.
nan 13.880082 0.1 26.050476 0.1 33.062390 134.313700 0. 0.
nan 13.862764 0.1 26.000044 0.1 33.054280 134.313970 0. 0.
nan 13.843488 0.1 25.936144 0.1 33.046760 134.314000 0. 0.
nan 13.900036 0.1 26.061897 0.1 33.038860 134.314010 0. 0.
nan 13.964706 0.1 26.235031 0.1 33.031340 134.314010 0. 0.
nan 14.009161 0.1 26.355843 0.1 33.023440 134.314010 0. 0.
nan 14.001392 0.1 26.269556 0.1 33.014400 134.314010 0. 0.
nan 14.005897 0.1 26.192091 0.1 33.004700 134.314020 0. 0.
nan 14.000607 0.1 26.118950 0.1 32.994500 134.314020 0. 0.
nan 14.039875 0.1 26.236757 0.1 32.984960 134.314930 0. 0.
nan 14.013721 0.1 26.222048 0.1 32.975560 134.319630 0. 0.
nan 14.060708 0.1 26.273560 0.1 32.967600 134.323610 0. 0.
nan 14.045992 0.1 26.316912 0.1 32.960390 134.327220 0. 0.
nan 14.031206 0.1 26.431938 0.1 32.953190 134.330820 0. 0.
nan 14.044162 0.1 26.210579 0.1 32.946340 134.334240 0. 0.
nan 14.021633 0.1 26.209360 0.1 32.939130 134.337840 0. 0.
nan 14.068058 0.1 26.380436 0.1 32.931500 134.339020 0. 0.
nan 14.140470 0.1 26.426250 0.1 32.922840 134.339020 0. 0.
nan 14.190832 0.1 26.626743 0.1 32.914590 134.339020 0. 0.
nan 14.181592 0.1 26.446703 0.1 32.905930 134.339020 0. 0.
nan 14.188605 0.1 26.455194 0.1 32.897400 134.337300 0. 0.
