# comments
nan 27.612337 0.1 50.283760 0.1 33.804783 136.557017 0. 0.
nan 28.499739 0.1 52.366169 0.1 33.752400 136.648833 0. 0.
nan 27.480629 0.1 50.604549 0.1 33.648417 136.603667 0. 0.
nan 26.257372 0.1 48.315212 0.1 33.678067 136.467383 0. 0.
nan 30.099386 0.1 55.133106 0.1 33.477217 136.926433 0. 0.
nan 29.673504 0.1 54.056206 0.1 33.358433 136.921583 0. 0.
nan 28.705950 0.1 52.918663 0.1 33.361333 136.807217 0. 0.
nan 28.815681 0.1 52.977695 0.1 33.466417 136.803850 0. 0.
nan 28.546352 0.1 52.264503 0.1 33.058383 136.831317 0. 0.
nan 29.174765 0.1 52.637741 0.1 33.053333 136.933483 0. 0.
nan 27.661501 0.1 50.358570 0.1 33.003250 136.778983 0. 0.
nan 28.028168 0.1 50.574562 0.1 33.127850 136.818817 0. 0.
nan 27.098024 0.1 49.642975 0.1 33.220050 136.690333 0. 0.
nan 25.822359 0.1 47.205521 0.1 33.172667 136.576950 0. 0.
nan 26.043015 0.1 48.220329 0.1 33.233100 136.563050 0. 0.
nan 26.387619 0.1 48.660629 0.1 33.304500 136.595800 0. 0.
nan 24.978607 0.1 46.046394 0.1 33.484967 136.445050 0. 0.
nan 24.064629 0.1 44.260769 0.1 33.385983 136.382783 0. 0.
nan 22.783979 0.1 41.634785 0.1 33.445900 136.256433 0. 0.
nan 24.083847 0.1 44.191166 0.1 33.544400 136.332467 0. 0.
nan 27.250837 0.1 49.489494 0.1 32.950627 136.741655 0. 0.
nan 22.809952 0.1 41.745510 0.1 33.330283 136.270167 0. 0.
nan 4.805558 0.1 8.646975 0.1 33.408480 134.744900 0. 0.
nan 5.715940 0.1 10.443058 0.1 33.339293 134.864088 0. 0.
nan 4.600924 0.1 8.684247 0.1 33.248992 134.769132 0. 0.
nan 3.904883 0.1 7.596816 0.1 33.320523 134.672350 0. 0.
nan 8.371292 0.1 14.928124 0.1 33.322233 135.066732 0. 0.
nan 9.877271 0.1 18.294918 0.1 33.225200 135.169833 0. 0.
nan 9.319749 0.1 17.580500 0.1 33.175517 135.096383 0. 0.
nan 7.329000 0.1 13.348939 0.1 33.275027 134.986863 0. 0.
nan 13.133801 0.1 24.310097 0.1 33.228035 135.458452 0. 0.
nan 14.095502 0.1 26.240139 0.1 33.125067 135.524883 0. 0.
nan 12.770261 0.1 23.676464 0.1 33.083692 135.412142 0. 0.
nan 12.043812 0.1 22.629595 0.1 33.175217 135.341417 0. 0.
nan 16.163685 0.1 29.229942 0.1 33.159433 135.755700 0. 0.
nan 17.481384 0.1 31.753885 0.1 33.135933 135.858367 0. 0.
nan 18.787054 0.1 34.658516 0.1 33.141983 135.958600 0. 0.
nan 17.758875 0.1 33.239143 0.1 33.029878 135.840112 0. 0.
nan 15.886510 0.1 29.045124 0.1 33.091457 135.714368 0. 0.
nan 16.884447 0.1 30.880037 0.1 32.926983 135.774733 0. 0.
nan 17.718086 0.1 32.592636 0.1 32.891950 135.833550 0. 0.
nan 17.397276 0.1 31.889107 0.1 32.801677 135.773283 0. 0.
nan 16.062506 0.1 29.560713 0.1 32.860267 135.667000 0. 0.
nan 11.142506 0.1 20.781876 0.1 32.987950 135.225000 0. 0.
nan 12.530641 0.1 23.290026 0.1 32.882717 135.308200 0. 0.
nan 11.709202 0.1 21.872257 0.1 32.854517 135.191583 0. 0.
nan 11.144606 0.1 20.932676 0.1 32.891857 135.153747 0. 0.
nan 10.241401 0.1 19.185398 0.1 32.761517 134.516717 0. 0.
nan 10.606849 0.1 19.698048 0.1 32.708867 134.599567 0. 0.
nan 11.699056 0.1 21.628508 0.1 32.625133 134.516433 0. 0.
nan 11.511543 0.1 21.377150 0.1 32.675233 134.433400 0. 0.
nan 8.228309 0.1 15.098197 0.1 33.296480 134.194650 0. 0.
nan 8.087980 0.1 14.878192 0.1 33.295240 134.204350 0. 0.
nan 7.866531 0.1 14.376553 0.1 33.293930 134.214570 0. 0.
nan 7.629893 0.1 13.641447 0.1 33.291170 134.223480 0. 0.
nan 7.482445 0.1 13.548883 0.1 33.287430 134.232720 0. 0.
nan 7.292606 0.1 12.949620 0.1 33.284990 134.241320 0. 0.
nan 7.158967 0.1 12.708985 0.1 33.282590 134.249730 0. 0.
nan 7.042709 0.1 12.509851 0.1 33.280290 134.258190 0. 0.
nan 6.958696 0.1 12.465998 0.1 33.278060 134.266070 0. 0.
nan 6.994187 0.1 12.675330 0.1 33.271720 134.270710 0. 0.
nan 6.960468 0.1 12.609637 0.1 33.264890 134.275700 0. 0.
nan 6.913375 0.1 12.495209 0.1 33.256950 134.281510 0. 0.
nan 6.925253 0.1 12.753796 0.1 33.249410 134.287020 0. 0.
nan 6.847922 0.1 12.511013 0.1 33.241470 134.292820 0. 0.
nan 6.872275 0.1 12.740288 0.1 33.233540 134.298620 0. 0.
nan 6.834903 0.1 12.717935 0.1 33.226040 134.304090 0. 0.
nan 6.798971 0.1 12.616681 0.1 33.217880 134.308520 0. 0.
nan 6.827443 0.1 12.655668 0.1 33.209150 134.308810 0. 0.
nan 6.939251 0.1 12.902721 0.1 33.199960 134.309120 0. 0.
nan 6.992454 0.1 13.014666 0.1 33.191230 134.309410 0. 0.
nan 7.080354 0.1 13.341359 0.1 33.182240 134.309710 0. 0.
nan 7.136689 0.1 13.403509 0.1 33.173440 134.310000 0. 0.
nan 7.263076 0.1 13.744264 0.1 33.165130 134.310280 0. 0.
nan 7.307312 0.1 13.879404 0.1 33.156450 134.310570 0. 0.
nan 7.359125 0.1 13.975100 0.1 33.148210 134.310850 0. 0.
nan 7.420686 0.1 14.239209 0.1 33.139290 134.311140 0. 0.
nan 7.488928 0.1 14.233473 0.1 33.130600 134.311430 0. 0.
nan 7.608167 0.1 14.526447 0.1 33.121450 134.311740 0. 0.
nan 7.669781 0.1 14.572474 0.1 33.112290 134.312040 0. 0.
nan 7.743351 0.1 14.701290 0.1 33.103600 134.312330 0. 0.
nan 7.875380 0.1 15.082181 0.1 33.094860 134.312620 0. 0.
nan 7.978209 0.1 15.282543 0.1 33.086950 134.312880 0. 0.
nan 8.017191 0.1 15.272378 0.1 33.078630 134.313160 0. 0.
nan 8.124909 0.1 15.414913 0.1 33.070300 134.313440 0. 0.
nan 8.222823 0.1 15.708743 0.1 33.062390 134.313700 0. 0.
nan 8.287333 0.1 15.801618 0.1 33.054280 134.313970 0. 0.
nan 8.291529 0.1 15.782907 0.1 33.046760 134.314000 0. 0.
nan 8.420094 0.1 16.043215 0.1 33.038860 134.314010 0. 0.
nan 8.519415 0.1 16.289547 0.1 33.031340 134.314010 0. 0.
nan 8.629980 0.1 16.568899 0.1 33.023440 134.314010 0. 0.
nan 8.680855 0.1 16.621893 0.1 33.014400 134.314010 0. 0.
nan 8.715424 0.1 16.606544 0.1 33.004700 134.314020 0. 0.
nan 8.769230 0.1 16.634523 0.1 32.994500 134.314020 0. 0.
nan 8.879750 0.1 16.883522 0.1 32.984960 134.314930 0. 0.
nan 8.947145 0.1 17.045275 0.1 32.975560 134.319630 0. 0.
nan 9.027769 0.1 17.166285 0.1 32.967600 134.323610 0. 0.
nan 9.077045 0.1 17.314047 0.1 32.960390 134.327220 0. 0.
nan 9.134558 0.1 17.547119 0.1 32.953190 134.330820 0. 0.
nan 9.209212 0.1 17.454906 0.1 32.946340 134.334240 0. 0.
nan 9.229383 0.1 17.504236 0.1 32.939130 134.337840 0. 0.
nan 9.351409 0.1 17.825062 0.1 32.931500 134.339020 0. 0.
nan 9.453917 0.1 17.933315 0.1 32.922840 134.339020 0. 0.
nan 9.580307 0.1 18.244141 0.1 32.914590 134.339020 0. 0.
nan 9.638829 0.1 18.204281 0.1 32.905930 134.339020 0. 0.
nan 9.680893 0.1 18.293058 0.1 32.897400 134.337300 0. 0.
