# comments
nan 15.956738 0.1 29.029327 0.1 33.804783 136.557017 0. 0.
nan 16.384951 0.1 30.282028 0.1 33.752400 136.648833 0. 0.
nan 14.955800 0.1 27.745899 0.1 33.648417 136.603667 0. 0.
nan 14.039261 0.1 26.029924 0.1 33.678067 136.467383 0. 0.
nan 17.008999 0.1 31.245211 0.1 33.477217 136.926433 0. 0.
nan 16.431669 0.1 29.922531 0.1 33.358433 136.921583 0. 0.
nan 15.432652 0.1 28.713512 0.1 33.361333 136.807217 0. 0.
nan 15.708742 0.1 29.065533 0.1 33.466417 136.803850 0. 0.
nan 15.465494 0.1 28.449875 0.1 33.058383 136.831317 0. 0.
nan 16.089987 0.1 28.815311 0.1 33.053333 136.933483 0. 0.
nan 14.746185 0.1 26.824165 0.1 33.003250 136.778983 0. 0.
nan 14.820183 0.1 26.533350 0.1 33.127850 136.818817 0. 0.
nan 13.751698 0.1 25.345901 0.1 33.220050 136.690333 0. 0.
nan 12.501419 0.1 22.976383 0.1 33.172667 136.576950 0. 0.
nan 12.667935 0.1 23.866758 0.1 33.233100 136.563050 0. 0.
nan 13.033135 0.1 24.301453 0.1 33.304500 136.595800 0. 0.
nan 12.012178 0.1 22.356319 0.1 33.484967 136.445050 0. 0.
nan 10.622146 0.1 19.686211 0.1 33.385983 136.382783 0. 0.
nan 8.798866 0.1 16.345860 0.1 33.445900 136.256433 0. 0.
nan 11.099877 0.1 20.408510 0.1 33.544400 136.332467 0. 0.
nan 14.508899 0.1 26.275244 0.1 32.950627 136.741655 0. 0.
nan 8.643739 0.1 16.076002 0.1 33.330283 136.270167 0. 0.
nan 18.278790 0.1 32.600174 0.1 33.408480 134.744900 0. 0.
nan 17.078604 0.1 30.596298 0.1 33.339293 134.864088 0. 0.
nan 18.283390 0.1 32.887775 0.1 33.248992 134.769132 0. 0.
nan 19.252531 0.1 34.811573 0.1 33.320523 134.672350 0. 0.
nan 14.578073 0.1 25.811630 0.1 33.322233 135.066732 0. 0.
nan 13.565914 0.1 24.684055 0.1 33.225200 135.169833 0. 0.
nan 14.726759 0.1 27.146601 0.1 33.175517 135.096383 0. 0.
nan 15.636150 0.1 28.113167 0.1 33.275027 134.986863 0. 0.
nan 9.475015 0.1 17.446104 0.1 33.228035 135.458452 0. 0.
nan 9.331653 0.1 17.397560 0.1 33.125067 135.524883 0. 0.
nan 11.063215 0.1 20.347242 0.1 33.083692 135.412142 0. 0.
nan 11.674805 0.1 21.591694 0.1 33.175217 135.341417 0. 0.
nan 5.073917 0.1 9.400962 0.1 33.159433 135.755700 0. 0.
nan 4.623249 0.1 8.792497 0.1 33.135933 135.858367 0. 0.
nan 4.748701 0.1 9.583895 0.1 33.141983 135.958600 0. 0.
nan 7.603298 0.1 14.819485 0.1 33.029878 135.840112 0. 0.
nan 6.920671 0.1 12.786097 0.1 33.091457 135.714368 0. 0.
nan 9.058633 0.1 16.495234 0.1 32.926983 135.774733 0. 0.
nan 9.399909 0.1 17.367992 0.1 32.891950 135.833550 0. 0.
nan 10.682600 0.1 19.599827 0.1 32.801677 135.773283 0. 0.
nan 10.432323 0.1 19.172096 0.1 32.860267 135.667000 0. 0.
nan 13.587618 0.1 24.869598 0.1 32.987950 135.225000 0. 0.
nan 13.289953 0.1 24.377005 0.1 32.882717 135.308200 0. 0.
nan 14.711707 0.1 27.017641 0.1 32.854517 135.191583 0. 0.
nan 14.960120 0.1 27.488878 0.1 32.891857 135.153747 0. 0.
nan 22.632338 0.1 41.212364 0.1 32.761517 134.516717 0. 0.
nan 21.817745 0.1 39.623478 0.1 32.708867 134.599567 0. 0.
nan 23.047607 0.1 41.789864 0.1 32.625133 134.516433 0. 0.
nan 23.845537 0.1 43.305305 0.1 32.675233 134.433400 0. 0.
nan 24.933382 0.1 45.015972 0.1 33.296480 134.194650 0. 0.
nan 24.808798 0.1 44.821907 0.1 33.295240 134.204350 0. 0.
nan 24.601501 0.1 44.336716 0.1 33.293930 134.214570 0. 0.
nan 24.377113 0.1 43.614719 0.1 33.291170 134.223480 0. 0.
nan 24.247461 0.1 43.540329 0.1 33.287430 134.232720 0. 0.
nan 24.069466 0.1 42.957848 0.1 33.284990 134.241320 0. 0.
nan 23.943008 0.1 42.726997 0.1 33.282590 134.249730 0. 0.
nan 23.833155 0.1 42.538288 0.1 33.280290 134.258190 0. 0.
nan 23.759439 0.1 42.511612 0.1 33.278060 134.266070 0. 0.
nan 23.798771 0.1 42.724766 0.1 33.271720 134.270710 0. 0.
nan 23.769400 0.1 42.668377 0.1 33.264890 134.275700 0. 0.
nan 23.724676 0.1 42.552483 0.1 33.256950 134.281510 0. 0.
nan 23.736723 0.1 42.806355 0.1 33.249410 134.287020 0. 0.
nan 23.656885 0.1 42.560841 0.1 33.241470 134.292820 0. 0.
nan 23.680996 0.1 42.787491 0.1 33.233540 134.298620 0. 0.
nan 23.649281 0.1 42.762718 0.1 33.226040 134.304090 0. 0.
nan 23.609684 0.1 42.647141 0.1 33.217880 134.308520 0. 0.
nan 23.612881 0.1 42.635422 0.1 33.209150 134.308810 0. 0.
nan 23.695158 0.1 42.824959 0.1 33.199960 134.309120 0. 0.
nan 23.720688 0.1 42.884060 0.1 33.191230 134.309410 0. 0.
nan 23.779938 0.1 43.150631 0.1 33.182240 134.309710 0. 0.
nan 23.796177 0.1 43.140007 0.1 33.173440 134.310000 0. 0.
nan 23.886492 0.1 43.412086 0.1 33.165130 134.310280 0. 0.
nan 23.890707 0.1 43.490833 0.1 33.156450 134.310570 0. 0.
nan 23.887699 0.1 43.495716 0.1 33.148210 134.310850 0. 0.
nan 23.929502 0.1 43.727123 0.1 33.139290 134.311140 0. 0.
nan 23.928871 0.1 43.597176 0.1 33.130600 134.311430 0. 0.
nan 23.991840 0.1 43.786266 0.1 33.121450 134.311740 0. 0.
nan 23.988708 0.1 43.716358 0.1 33.112290 134.312040 0. 0.
nan 24.016598 0.1 43.784603 0.1 33.103600 134.312330 0. 0.
nan 24.086033 0.1 44.033169 0.1 33.094860 134.312620 0. 0.
nan 24.125475 0.1 44.133209 0.1 33.086950 134.312880 0. 0.
nan 24.120361 0.1 44.057350 0.1 33.078630 134.313160 0. 0.
nan 24.142195 0.1 44.038589 0.1 33.070300 134.313440 0. 0.
nan 24.198277 0.1 44.278378 0.1 33.062390 134.313700 0. 0.
nan 24.179968 0.1 44.226528 0.1 33.054280 134.313970 0. 0.
nan 24.160233 0.1 44.162037 0.1 33.046760 134.314000 0. 0.
nan 24.213858 0.1 44.284702 0.1 33.038860 134.314010 0. 0.
nan 24.276291 0.1 44.455204 0.1 33.031340 134.314010 0. 0.
nan 24.317032 0.1 44.570553 0.1 33.023440 134.314010 0. 0.
nan 24.305986 0.1 44.478157 0.1 33.014400 134.314010 0. 0.
nan 24.306452 0.1 44.393692 0.1 33.004700 134.314020 0. 0.
nan 24.295755 0.1 44.307571 0.1 32.994500 134.314020 0. 0.
nan 24.329174 0.1 44.410152 0.1 32.984960 134.314930 0. 0.
nan 24.290255 0.1 44.374229 0.1 32.975560 134.319630 0. 0.
nan 24.332273 0.1 44.419796 0.1 32.967600 134.323610 0. 0.
nan 24.309666 0.1 44.453968 0.1 32.960390 134.327220 0. 0.
nan 24.288757 0.1 44.554764 0.1 32.953190 134.330820 0. 0.
nan 24.288834 0.1 44.309952 0.1 32.946340 134.334240 0. 0.
nan 24.261539 0.1 44.296047 0.1 32.939130 134.337840 0. 0.
nan 24.294786 0.1 44.442783 0.1 32.931500 134.339020 0. 0.
nan 24.360371 0.1 44.479084 0.1 32.922840 134.339020 0. 0.
nan 24.400400 0.1 44.660061 0.1 32.914590 134.339020 0. 0.
nan 24.375542 0.1 44.449356 0.1 32.905930 134.339020 0. 0.
nan 24.372433 0.1 44.442184 0.1 32.897400 134.337300 0. 0.
