# comments
nan 15.524770 0.1 28.553831 0.1 33.804783 136.557017 0. 0.
nan 15.758015 0.1 29.467384 0.1 33.752400 136.648833 0. 0.
nan 14.218501 0.1 26.773151 0.1 33.648417 136.603667 0. 0.
nan 13.558554 0.1 25.468403 0.1 33.678067 136.467383 0. 0.
nan 15.518082 0.1 28.918427 0.1 33.477217 136.926433 0. 0.
nan 14.666553 0.1 27.068138 0.1 33.358433 136.921583 0. 0.
nan 13.719432 0.1 25.996836 0.1 33.361333 136.807217 0. 0.
nan 14.275357 0.1 26.850914 0.1 33.466417 136.803850 0. 0.
nan 12.900759 0.1 24.147692 0.1 33.058383 136.831317 0. 0.
nan 13.547709 0.1 24.550709 0.1 33.053333 136.933483 0. 0.
nan 11.987309 0.1 22.185619 0.1 33.003250 136.778983 0. 0.
nan 12.445065 0.1 22.565090 0.1 33.127850 136.818817 0. 0.
nan 11.666647 0.1 21.927767 0.1 33.220050 136.690333 0. 0.
nan 10.266851 0.1 19.276388 0.1 33.172667 136.576950 0. 0.
nan 10.656293 0.1 20.590143 0.1 33.233100 136.563050 0. 0.
nan 11.274328 0.1 21.521484 0.1 33.304500 136.595800 0. 0.
nan 11.118409 0.1 21.139160 0.1 33.484967 136.445050 0. 0.
nan 9.665736 0.1 18.423246 0.1 33.385983 136.382783 0. 0.
nan 9.194208 0.1 17.234423 0.1 33.445900 136.256433 0. 0.
nan 10.868014 0.1 20.479622 0.1 33.544400 136.332467 0. 0.
nan 11.593256 0.1 21.356958 0.1 32.950627 136.741655 0. 0.
nan 8.148658 0.1 15.475246 0.1 33.330283 136.270167 0. 0.
nan 17.295839 0.1 31.028740 0.1 33.408480 134.744900 0. 0.
nan 15.949124 0.1 28.782598 0.1 33.339293 134.864088 0. 0.
nan 16.978300 0.1 30.774101 0.1 33.248992 134.769132 0. 0.
nan 18.108887 0.1 32.954334 0.1 33.320523 134.672350 0. 0.
nan 13.490213 0.1 24.251223 0.1 33.322233 135.066732 0. 0.
nan 12.246401 0.1 22.645073 0.1 33.225200 135.169833 0. 0.
nan 13.232293 0.1 24.764229 0.1 33.175517 135.096383 0. 0.
nan 14.386147 0.1 26.161304 0.1 33.275027 134.986863 0. 0.
nan 8.770878 0.1 16.552507 0.1 33.228035 135.458452 0. 0.
nan 7.849936 0.1 15.100966 0.1 33.125067 135.524883 0. 0.
nan 9.163734 0.1 17.245085 0.1 33.083692 135.412142 0. 0.
nan 10.271495 0.1 19.503233 0.1 33.175217 135.341417 0. 0.
nan 4.876208 0.1 9.067792 0.1 33.159433 135.755700 0. 0.
nan 4.092940 0.1 7.817678 0.1 33.135933 135.858367 0. 0.
nan 4.113011 0.1 8.414434 0.1 33.141983 135.958600 0. 0.
nan 4.759907 0.1 9.957317 0.1 33.029878 135.840112 0. 0.
nan 5.291273 0.1 10.108751 0.1 33.091457 135.714368 0. 0.
nan 5.603056 0.1 10.670886 0.1 32.926983 135.774733 0. 0.
nan 5.720330 0.1 11.093715 0.1 32.891950 135.833550 0. 0.
nan 6.984756 0.1 13.263995 0.1 32.801677 135.773283 0. 0.
nan 7.069254 0.1 13.436686 0.1 32.860267 135.667000 0. 0.
nan 11.410686 0.1 21.282623 0.1 32.987950 135.225000 0. 0.
nan 10.667620 0.1 19.981928 0.1 32.882717 135.308200 0. 0.
nan 12.164062 0.1 22.749178 0.1 32.854517 135.191583 0. 0.
nan 12.534786 0.1 23.442904 0.1 32.891857 135.153747 0. 0.
nan 20.375494 0.1 37.452435 0.1 32.761517 134.516717 0. 0.
nan 19.422937 0.1 35.611477 0.1 32.708867 134.599567 0. 0.
nan 20.572723 0.1 37.631325 0.1 32.625133 134.516433 0. 0.
nan 21.487028 0.1 39.363327 0.1 32.675233 134.433400 0. 0.
nan 23.637178 0.1 42.939495 0.1 33.296480 134.194650 0. 0.
nan 23.515482 0.1 42.748001 0.1 33.295240 134.204350 0. 0.
nan 23.302124 0.1 42.257427 0.1 33.293930 134.214570 0. 0.
nan 23.076065 0.1 41.538002 0.1 33.291170 134.223480 0. 0.
nan 22.941435 0.1 41.454735 0.1 33.287430 134.232720 0. 0.
nan 22.769615 0.1 40.873886 0.1 33.284990 134.241320 0. 0.
nan 22.640373 0.1 40.643833 0.1 33.282590 134.249730 0. 0.
nan 22.528282 0.1 40.449009 0.1 33.280290 134.258190 0. 0.
nan 22.447504 0.1 40.411823 0.1 33.278060 134.266070 0. 0.
nan 22.481133 0.1 40.612179 0.1 33.271720 134.270710 0. 0.
nan 22.435381 0.1 40.525967 0.1 33.264890 134.275700 0. 0.
nan 22.378128 0.1 40.394684 0.1 33.256950 134.281510 0. 0.
nan 22.378489 0.1 40.631519 0.1 33.249410 134.287020 0. 0.
nan 22.286087 0.1 40.364632 0.1 33.241470 134.292820 0. 0.
nan 22.297821 0.1 40.563217 0.1 33.233540 134.298620 0. 0.
nan 22.250008 0.1 40.500656 0.1 33.226040 134.304090 0. 0.
nan 22.189331 0.1 40.356133 0.1 33.217880 134.308520 0. 0.
nan 22.175762 0.1 40.322235 0.1 33.209150 134.308810 0. 0.
nan 22.237717 0.1 40.490166 0.1 33.199960 134.309120 0. 0.
nan 22.250612 0.1 40.530590 0.1 33.191230 134.309410 0. 0.
nan 22.296751 0.1 40.771473 0.1 33.182240 134.309710 0. 0.
nan 22.292761 0.1 40.728741 0.1 33.173440 134.310000 0. 0.
nan 22.370630 0.1 40.981186 0.1 33.165130 134.310280 0. 0.
nan 22.362286 0.1 41.038170 0.1 33.156450 134.310570 0. 0.
nan 22.340559 0.1 41.011055 0.1 33.148210 134.310850 0. 0.
nan 22.375237 0.1 41.226543 0.1 33.139290 134.311140 0. 0.
nan 22.360054 0.1 41.067837 0.1 33.130600 134.311430 0. 0.
nan 22.405231 0.1 41.229263 0.1 33.121450 134.311740 0. 0.
nan 22.385151 0.1 41.133686 0.1 33.112290 134.312040 0. 0.
nan 22.404982 0.1 41.187630 0.1 33.103600 134.312330 0. 0.
nan 22.457609 0.1 41.411186 0.1 33.094860 134.312620 0. 0.
nan 22.484150 0.1 41.492924 0.1 33.086950 134.312880 0. 0.
nan 22.468779 0.1 41.393333 0.1 33.078630 134.313160 0. 0.
nan 22.473455 0.1 41.339245 0.1 33.070300 134.313440 0. 0.
nan 22.524370 0.1 41.565536 0.1 33.062390 134.313700 0. 0.
nan 22.486013 0.1 41.473663 0.1 33.054280 134.313970 0. 0.
nan 22.460907 0.1 41.397957 0.1 33.046760 134.314000 0. 0.
nan 22.496964 0.1 41.485352 0.1 33.038860 134.314010 0. 0.
nan 22.549057 0.1 41.635563 0.1 33.031340 134.314010 0. 0.
nan 22.572107 0.1 41.719425 0.1 33.023440 134.314010 0. 0.
nan 22.550310 0.1 41.598598 0.1 33.014400 134.314010 0. 0.
nan 22.536669 0.1 41.489910 0.1 33.004700 134.314020 0. 0.
nan 22.510120 0.1 41.379993 0.1 32.994500 134.314020 0. 0.
nan 22.531544 0.1 41.454472 0.1 32.984960 134.314930 0. 0.
nan 22.472122 0.1 41.383236 0.1 32.975560 134.319630 0. 0.
nan 22.506662 0.1 41.419460 0.1 32.967600 134.323610 0. 0.
nan 22.473698 0.1 41.437828 0.1 32.960390 134.327220 0. 0.
nan 22.440392 0.1 41.506573 0.1 32.953190 134.330820 0. 0.
nan 22.417402 0.1 41.233936 0.1 32.946340 134.334240 0. 0.
nan 22.382566 0.1 41.208424 0.1 32.939130 134.337840 0. 0.
nan 22.399601 0.1 41.326088 0.1 32.931500 134.339020 0. 0.
nan 22.456150 0.1 41.343727 0.1 32.922840 134.339020 0. 0.
nan 22.477917 0.1 41.496861 0.1 32.914590 134.339020 0. 0.
nan 22.434593 0.1 41.247414 0.1 32.905930 134.339020 0. 0.
nan 22.420311 0.1 41.228649 0.1 32.897400 134.337300 0. 0.
