# comments
nan 16.361311 0.1 30.060696 0.1 33.804783 136.557017 0. 0.
nan 16.952112 0.1 31.618759 0.1 33.752400 136.648833 0. 0.
nan 15.636315 0.1 29.315823 0.1 33.648417 136.603667 0. 0.
nan 14.592176 0.1 27.346821 0.1 33.678067 136.467383 0. 0.
nan 17.899433 0.1 33.172630 0.1 33.477217 136.926433 0. 0.
nan 17.383404 0.1 31.939884 0.1 33.358433 136.921583 0. 0.
nan 16.390862 0.1 30.767990 0.1 33.361333 136.807217 0. 0.
nan 16.597795 0.1 31.005840 0.1 33.466417 136.803850 0. 0.
nan 16.400259 0.1 30.420527 0.1 33.058383 136.831317 0. 0.
nan 17.027380 0.1 30.787079 0.1 33.053333 136.933483 0. 0.
nan 15.628107 0.1 28.716497 0.1 33.003250 136.778983 0. 0.
nan 15.792670 0.1 28.560820 0.1 33.127850 136.818817 0. 0.
nan 14.764614 0.1 27.466532 0.1 33.220050 136.690333 0. 0.
nan 13.511825 0.1 25.078825 0.1 33.172667 136.576950 0. 0.
nan 13.683438 0.1 26.006804 0.1 33.233100 136.563050 0. 0.
nan 14.021189 0.1 26.436308 0.1 33.304500 136.595800 0. 0.
nan 12.820618 0.1 24.193884 0.1 33.484967 136.445050 0. 0.
nan 11.748112 0.1 22.140520 0.1 33.385983 136.382783 0. 0.
nan 10.564356 0.1 19.703625 0.1 33.445900 136.256433 0. 0.
nan 12.105215 0.1 22.652771 0.1 33.544400 136.332467 0. 0.
nan 15.330810 0.1 28.058825 0.1 32.950627 136.741655 0. 0.
nan 10.394094 0.1 19.456429 0.1 33.330283 136.270167 0. 0.
nan 13.791218 0.1 24.780052 0.1 33.408480 134.744900 0. 0.
nan 12.571992 0.1 22.757116 0.1 33.339293 134.864088 0. 0.
nan 13.767531 0.1 25.054823 0.1 33.248992 134.769132 0. 0.
nan 14.746875 0.1 26.975576 0.1 33.320523 134.672350 0. 0.
nan 10.066683 0.1 18.089512 0.1 33.322233 135.066732 0. 0.
nan 9.075126 0.1 16.920641 0.1 33.225200 135.169833 0. 0.
nan 10.265128 0.1 19.433384 0.1 33.175517 135.096383 0. 0.
nan 11.119946 0.1 20.278069 0.1 33.275027 134.986863 0. 0.
nan 5.506017 0.1 10.673800 0.1 33.228035 135.458452 0. 0.
nan 5.785418 0.1 11.417392 0.1 33.125067 135.524883 0. 0.
nan 7.044957 0.1 13.428821 0.1 33.083692 135.412142 0. 0.
nan 7.338815 0.1 14.227147 0.1 33.175217 135.341417 0. 0.
nan 4.523789 0.1 8.375859 0.1 33.159433 135.755700 0. 0.
nan 5.603299 0.1 10.457047 0.1 33.135933 135.858367 0. 0.
nan 6.677382 0.1 12.926291 0.1 33.141983 135.958600 0. 0.
nan 6.906042 0.1 13.764459 0.1 33.029878 135.840112 0. 0.
nan 5.329780 0.1 10.125141 0.1 33.091457 135.714368 0. 0.
nan 7.440257 0.1 13.943067 0.1 32.926983 135.774733 0. 0.
nan 8.118639 0.1 15.383207 0.1 32.891950 135.833550 0. 0.
nan 9.031844 0.1 16.925995 0.1 32.801677 135.773283 0. 0.
nan 8.227331 0.1 15.494478 0.1 32.860267 135.667000 0. 0.
nan 9.534489 0.1 17.886860 0.1 32.987950 135.225000 0. 0.
nan 9.668465 0.1 18.169975 0.1 32.882717 135.308200 0. 0.
nan 10.915018 0.1 20.494085 0.1 32.854517 135.191583 0. 0.
nan 11.036064 0.1 20.733244 0.1 32.891857 135.153747 0. 0.
nan 18.392630 0.1 33.889954 0.1 32.761517 134.516717 0. 0.
nan 17.670568 0.1 32.475994 0.1 32.708867 134.599567 0. 0.
nan 18.945742 0.1 34.710453 0.1 32.625133 134.516433 0. 0.
nan 19.652836 0.1 36.063549 0.1 32.675233 134.433400 0. 0.
nan 20.422285 0.1 37.178677 0.1 33.296480 134.194650 0. 0.
nan 20.297932 0.1 36.984543 0.1 33.295240 134.204350 0. 0.
nan 20.090307 0.1 36.497952 0.1 33.293930 134.214570 0. 0.
nan 19.865875 0.1 35.775986 0.1 33.291170 134.223480 0. 0.
nan 19.735271 0.1 35.701519 0.1 33.287430 134.232720 0. 0.
nan 19.557390 0.1 35.119083 0.1 33.284990 134.241320 0. 0.
nan 19.430693 0.1 34.887550 0.1 33.282590 134.249730 0. 0.
nan 19.320601 0.1 34.698601 0.1 33.280290 134.258190 0. 0.
nan 19.246374 0.1 34.671833 0.1 33.278060 134.266070 0. 0.
nan 19.285362 0.1 34.884975 0.1 33.271720 134.270710 0. 0.
nan 19.255363 0.1 34.828957 0.1 33.264890 134.275700 0. 0.
nan 19.210213 0.1 34.713406 0.1 33.256950 134.281510 0. 0.
nan 19.221922 0.1 34.967690 0.1 33.249410 134.287020 0. 0.
nan 19.141914 0.1 34.722805 0.1 33.241470 134.292820 0. 0.
nan 19.166037 0.1 34.950302 0.1 33.233540 134.298620 0. 0.
nan 19.134262 0.1 34.927464 0.1 33.226040 134.304090 0. 0.
nan 19.094374 0.1 34.815769 0.1 33.217880 134.308520 0. 0.
nan 19.097467 0.1 34.809147 0.1 33.209150 134.308810 0. 0.
nan 19.180027 0.1 35.002705 0.1 33.199960 134.309120 0. 0.
nan 19.206314 0.1 35.064735 0.1 33.191230 134.309410 0. 0.
nan 19.266397 0.1 35.334625 0.1 33.182240 134.309710 0. 0.
nan 19.285053 0.1 35.328030 0.1 33.173440 134.310000 0. 0.
nan 19.378448 0.1 35.603874 0.1 33.165130 134.310280 0. 0.
nan 19.385765 0.1 35.686554 0.1 33.156450 134.310570 0. 0.
nan 19.386597 0.1 35.695919 0.1 33.148210 134.310850 0. 0.
nan 19.430269 0.1 35.929947 0.1 33.139290 134.311140 0. 0.
nan 19.432673 0.1 35.807415 0.1 33.130600 134.311430 0. 0.
nan 19.498137 0.1 36.003407 0.1 33.121450 134.311740 0. 0.
nan 19.498161 0.1 35.939777 0.1 33.112290 134.312040 0. 0.
nan 19.527596 0.1 36.011707 0.1 33.103600 134.312330 0. 0.
nan 19.600124 0.1 36.266422 0.1 33.094860 134.312620 0. 0.
nan 19.642309 0.1 36.369236 0.1 33.086950 134.312880 0. 0.
nan 19.638807 0.1 36.296185 0.1 33.078630 134.313160 0. 0.
nan 19.665649 0.1 36.283710 0.1 33.070300 134.313440 0. 0.
nan 19.723036 0.1 36.525539 0.1 33.062390 134.313700 0. 0.
nan 19.707615 0.1 36.479671 0.1 33.054280 134.313970 0. 0.
nan 19.688850 0.1 36.416821 0.1 33.046760 134.314000 0. 0.
nan 19.747671 0.1 36.545776 0.1 33.038860 134.314010 0. 0.
nan 19.813341 0.1 36.720394 0.1 33.031340 134.314010 0. 0.
nan 19.858362 0.1 36.842896 0.1 33.023440 134.314010 0. 0.
nan 19.850601 0.1 36.757355 0.1 33.014400 134.314010 0. 0.
nan 19.854792 0.1 36.680077 0.1 33.004700 134.314020 0. 0.
nan 19.848446 0.1 36.605915 0.1 32.994500 134.314020 0. 0.
nan 19.886442 0.1 36.719978 0.1 32.984960 134.314930 0. 0.
nan 19.856585 0.1 36.695950 0.1 32.975560 134.319630 0. 0.
nan 19.902224 0.1 36.745049 0.1 32.967600 134.323610 0. 0.
nan 19.884695 0.1 36.784420 0.1 32.960390 134.327220 0. 0.
nan 19.866617 0.1 36.893661 0.1 32.953190 134.330820 0. 0.
nan 19.871185 0.1 36.661671 0.1 32.946340 134.334240 0. 0.
nan 19.846025 0.1 36.654865 0.1 32.939130 134.337840 0. 0.
nan 19.885998 0.1 36.811565 0.1 32.931500 134.339020 0. 0.
nan 19.954525 0.1 36.851994 0.1 32.922840 134.339020 0. 0.
nan 19.999691 0.1 37.040268 0.1 32.914590 134.339020 0. 0.
nan 19.982368 0.1 36.842861 0.1 32.905930 134.339020 0. 0.
nan 19.983730 0.1 36.842289 0.1 32.897400 134.337300 0. 0.
