# comments
nan 15.210437 0.1 27.948759 0.1 33.804783 136.557017 0. 0.
nan 14.393282 0.1 27.024036 0.1 33.752400 136.648833 0. 0.
nan 12.863927 0.1 24.318911 0.1 33.648417 136.603667 0. 0.
nan 13.723071 0.1 25.674643 0.1 33.678067 136.467383 0. 0.
nan 10.758492 0.1 20.320728 0.1 33.477217 136.926433 0. 0.
nan 8.902036 0.1 16.663282 0.1 33.358433 136.921583 0. 0.
nan 8.392782 0.1 16.432898 0.1 33.361333 136.807217 0. 0.
nan 10.020566 0.1 19.134747 0.1 33.466417 136.803850 0. 0.
nan 5.235602 0.1 10.510232 0.1 33.058383 136.831317 0. 0.
nan 6.139867 0.1 11.269144 0.1 33.053333 136.933483 0. 0.
nan 4.423815 0.1 8.765415 0.1 33.003250 136.778983 0. 0.
nan 4.917278 0.1 9.174523 0.1 33.127850 136.818817 0. 0.
nan 5.232451 0.1 10.571083 0.1 33.220050 136.690333 0. 0.
nan 4.213923 0.1 8.751184 0.1 33.172667 136.576950 0. 0.
nan 5.787080 0.1 12.028606 0.1 33.233100 136.563050 0. 0.
nan 6.943044 0.1 13.810312 0.1 33.304500 136.595800 0. 0.
nan 10.845979 0.1 20.526234 0.1 33.484967 136.445050 0. 0.
nan 9.648154 0.1 18.325529 0.1 33.385983 136.382783 0. 0.
nan 11.373301 0.1 21.213003 0.1 33.445900 136.256433 0. 0.
nan 12.174541 0.1 22.803696 0.1 33.544400 136.332467 0. 0.
nan 4.523866 0.1 8.798285 0.1 32.950627 136.741655 0. 0.
nan 9.998322 0.1 18.767099 0.1 33.330283 136.270167 0. 0.
nan 27.273457 0.1 48.947388 0.1 33.408480 134.744900 0. 0.
nan 25.989349 0.1 46.813080 0.1 33.339293 134.864088 0. 0.
nan 27.066221 0.1 48.882927 0.1 33.248992 134.769132 0. 0.
nan 28.161200 0.1 51.011616 0.1 33.320523 134.672350 0. 0.
nan 23.517136 0.1 42.234474 0.1 33.322233 135.066732 0. 0.
nan 22.330698 0.1 40.751175 0.1 33.225200 135.169833 0. 0.
nan 23.341549 0.1 42.907238 0.1 33.175517 135.096383 0. 0.
nan 24.462008 0.1 44.237057 0.1 33.275027 134.986863 0. 0.
nan 18.807817 0.1 34.559410 0.1 33.228035 135.458452 0. 0.
nan 17.948633 0.1 33.206276 0.1 33.125067 135.524883 0. 0.
nan 19.242634 0.1 35.328106 0.1 33.083692 135.412142 0. 0.
nan 20.372963 0.1 37.637985 0.1 33.175217 135.341417 0. 0.
nan 14.715206 0.1 26.652304 0.1 33.159433 135.755700 0. 0.
nan 13.521240 0.1 24.655590 0.1 33.135933 135.858367 0. 0.
nan 12.509331 0.1 23.400366 0.1 33.141983 135.958600 0. 0.
nan 13.947781 0.1 26.403255 0.1 33.029878 135.840112 0. 0.
nan 15.208983 0.1 27.848057 0.1 33.091457 135.714368 0. 0.
nan 14.363537 0.1 26.347605 0.1 32.926983 135.774733 0. 0.
nan 13.786205 0.1 25.525021 0.1 32.891950 135.833550 0. 0.
nan 14.721202 0.1 27.111124 0.1 32.801677 135.773283 0. 0.
nan 15.843723 0.1 29.130848 0.1 32.860267 135.667000 0. 0.
nan 21.350567 0.1 39.119789 0.1 32.987950 135.225000 0. 0.
nan 20.273556 0.1 37.223301 0.1 32.882717 135.308200 0. 0.
nan 21.783211 0.1 40.014526 0.1 32.854517 135.191583 0. 0.
nan 22.277523 0.1 40.926155 0.1 32.891857 135.153747 0. 0.
nan 30.122189 0.1 54.971138 0.1 32.761517 134.516717 0. 0.
nan 29.049232 0.1 52.908253 0.1 32.708867 134.599567 0. 0.
nan 30.084169 0.1 54.722721 0.1 32.625133 134.516433 0. 0.
nan 31.116518 0.1 56.672005 0.1 32.675233 134.433400 0. 0.
nan 33.689972 0.1 61.025589 0.1 33.296480 134.194650 0. 0.
nan 33.567898 0.1 60.833931 0.1 33.295240 134.204350 0. 0.
nan 33.355911 0.1 60.344227 0.1 33.293930 134.214570 0. 0.
nan 33.130417 0.1 59.625309 0.1 33.291170 134.223480 0. 0.
nan 32.997219 0.1 59.544945 0.1 33.287430 134.232720 0. 0.
nan 32.826115 0.1 58.963596 0.1 33.284990 134.241320 0. 0.
nan 32.697365 0.1 58.734165 0.1 33.282590 134.249730 0. 0.
nan 32.585857 0.1 58.542599 0.1 33.280290 134.258190 0. 0.
nan 32.506798 0.1 58.510727 0.1 33.278060 134.266070 0. 0.
nan 32.541786 0.1 58.713448 0.1 33.271720 134.270710 0. 0.
nan 32.498264 0.1 58.631107 0.1 33.264890 134.275700 0. 0.
nan 32.442329 0.1 58.502720 0.1 33.256950 134.281510 0. 0.
nan 32.444195 0.1 58.743107 0.1 33.249410 134.287020 0. 0.
nan 32.353344 0.1 58.480511 0.1 33.241470 134.292820 0. 0.
nan 32.366348 0.1 58.685535 0.1 33.233540 134.298620 0. 0.
nan 32.321396 0.1 58.631577 0.1 33.226040 134.304090 0. 0.
nan 32.262299 0.1 58.487885 0.1 33.217880 134.308520 0. 0.
nan 32.248760 0.1 58.454086 0.1 33.209150 134.308810 0. 0.
nan 32.311596 0.1 58.621929 0.1 33.199960 134.309120 0. 0.
nan 32.324341 0.1 58.662312 0.1 33.191230 134.309410 0. 0.
nan 32.370792 0.1 58.903339 0.1 33.182240 134.309710 0. 0.
nan 32.366497 0.1 58.859394 0.1 33.173440 134.310000 0. 0.
nan 32.443859 0.1 59.110661 0.1 33.165130 134.310280 0. 0.
nan 32.434902 0.1 59.166027 0.1 33.156450 134.310570 0. 0.
nan 32.411659 0.1 59.135876 0.1 33.148210 134.310850 0. 0.
nan 32.445854 0.1 59.349510 0.1 33.139290 134.311140 0. 0.
nan 32.429375 0.1 59.186829 0.1 33.130600 134.311430 0. 0.
nan 32.472687 0.1 59.343708 0.1 33.121450 134.311740 0. 0.
nan 32.450485 0.1 59.244144 0.1 33.112290 134.312040 0. 0.
nan 32.469257 0.1 59.295120 0.1 33.103600 134.312330 0. 0.
nan 32.519527 0.1 59.513039 0.1 33.094860 134.312620 0. 0.
nan 32.544071 0.1 59.589481 0.1 33.086950 134.312880 0. 0.
nan 32.526775 0.1 59.483120 0.1 33.078630 134.313160 0. 0.
nan 32.527260 0.1 59.419277 0.1 33.070300 134.313440 0. 0.
nan 32.576412 0.1 59.641575 0.1 33.062390 134.313700 0. 0.
nan 32.532894 0.1 59.542324 0.1 33.054280 134.313970 0. 0.
nan 32.506840 0.1 59.464848 0.1 33.046760 134.314000 0. 0.
nan 32.538597 0.1 59.546005 0.1 33.038860 134.314010 0. 0.
nan 32.587120 0.1 59.691750 0.1 33.031340 134.314010 0. 0.
nan 32.605618 0.1 59.768276 0.1 33.023440 134.314010 0. 0.
nan 32.580051 0.1 59.639786 0.1 33.014400 134.314010 0. 0.
nan 32.560940 0.1 59.524689 0.1 33.004700 134.314020 0. 0.
nan 32.530685 0.1 59.407978 0.1 32.994500 134.314020 0. 0.
nan 32.546844 0.1 59.472488 0.1 32.984960 134.314930 0. 0.
nan 32.479633 0.1 59.390213 0.1 32.975560 134.319630 0. 0.
nan 32.511105 0.1 59.421665 0.1 32.967600 134.323610 0. 0.
nan 32.472660 0.1 59.429909 0.1 32.960390 134.327220 0. 0.
nan 32.431393 0.1 59.482708 0.1 32.953190 134.330820 0. 0.
nan 32.400417 0.1 59.198105 0.1 32.946340 134.334240 0. 0.
nan 32.362408 0.1 59.165524 0.1 32.939130 134.337840 0. 0.
nan 32.371731 0.1 59.261913 0.1 32.931500 134.339020 0. 0.
nan 32.423985 0.1 59.271629 0.1 32.922840 134.339020 0. 0.
nan 32.436916 0.1 59.408997 0.1 32.914590 134.339020 0. 0.
nan 32.384480 0.1 59.138134 0.1 32.905930 134.339020 0. 0.
nan 32.363907 0.1 59.111115 0.1 32.897400 134.337300 0. 0.
