# comments
nan 20.972246 0.1 38.390644 0.1 33.804783 136.557017 0. 0.
nan 21.045780 0.1 39.023056 0.1 33.752400 136.648833 0. 0.
nan 19.470295 0.1 36.266258 0.1 33.648417 136.603667 0. 0.
nan 19.032518 0.1 35.341400 0.1 33.678067 136.467383 0. 0.
nan 19.934628 0.1 36.898174 0.1 33.477217 136.926433 0. 0.
nan 18.720816 0.1 34.392693 0.1 33.358433 136.921583 0. 0.
nan 17.979527 0.1 33.681885 0.1 33.361333 136.807217 0. 0.
nan 18.858721 0.1 35.127163 0.1 33.466417 136.803850 0. 0.
nan 15.682399 0.1 29.174314 0.1 33.058383 136.831317 0. 0.
nan 16.238928 0.1 29.414270 0.1 33.053333 136.933483 0. 0.
nan 14.462833 0.1 26.659653 0.1 33.003250 136.778983 0. 0.
nan 15.639252 0.1 28.326605 0.1 33.127850 136.818817 0. 0.
nan 15.542569 0.1 28.937176 0.1 33.220050 136.690333 0. 0.
nan 14.087852 0.1 26.145504 0.1 33.172667 136.576950 0. 0.
nan 14.817114 0.1 28.081930 0.1 33.233100 136.563050 0. 0.
nan 15.701218 0.1 29.496407 0.1 33.304500 136.595800 0. 0.
nan 16.417715 0.1 30.690313 0.1 33.484967 136.445050 0. 0.
nan 14.875394 0.1 27.795237 0.1 33.385983 136.382783 0. 0.
nan 14.756711 0.1 27.285975 0.1 33.445900 136.256433 0. 0.
nan 16.402157 0.1 30.438353 0.1 33.544400 136.332467 0. 0.
nan 13.758679 0.1 25.271706 0.1 32.950627 136.741655 0. 0.
nan 13.488918 0.1 25.098619 0.1 33.330283 136.270167 0. 0.
nan 17.886772 0.1 32.137878 0.1 33.408480 134.744900 0. 0.
nan 16.462839 0.1 29.765827 0.1 33.339293 134.864088 0. 0.
nan 16.888611 0.1 30.655327 0.1 33.248992 134.769132 0. 0.
nan 18.247652 0.1 33.231762 0.1 33.320523 134.672350 0. 0.
nan 14.493479 0.1 26.108763 0.1 33.322233 135.066732 0. 0.
nan 13.027737 0.1 24.073400 0.1 33.225200 135.169833 0. 0.
nan 13.369884 0.1 25.024551 0.1 33.175517 135.096383 0. 0.
nan 14.894100 0.1 27.116293 0.1 33.275027 134.986863 0. 0.
nan 10.963748 0.1 20.511591 0.1 33.228035 135.458452 0. 0.
nan 9.409511 0.1 17.942005 0.1 33.125067 135.524883 0. 0.
nan 9.612706 0.1 18.082241 0.1 33.083692 135.412142 0. 0.
nan 11.346888 0.1 21.474838 0.1 33.175217 135.341417 0. 0.
nan 8.803747 0.1 16.121344 0.1 33.159433 135.755700 0. 0.
nan 8.640096 0.1 15.966880 0.1 33.135933 135.858367 0. 0.
nan 9.194449 0.1 17.541071 0.1 33.141983 135.958600 0. 0.
nan 7.514521 0.1 14.925612 0.1 33.029878 135.840112 0. 0.
nan 7.937159 0.1 14.879530 0.1 33.091457 135.714368 0. 0.
nan 5.761675 0.1 11.000985 0.1 32.926983 135.774733 0. 0.
nan 5.558180 0.1 10.843166 0.1 32.891950 135.833550 0. 0.
nan 4.697143 0.1 9.176956 0.1 32.801677 135.773283 0. 0.
nan 5.351672 0.1 10.415128 0.1 32.860267 135.667000 0. 0.
nan 10.257780 0.1 19.248766 0.1 32.987950 135.225000 0. 0.
nan 8.557295 0.1 16.243889 0.1 32.882717 135.308200 0. 0.
nan 9.781828 0.1 18.515539 0.1 32.854517 135.191583 0. 0.
nan 10.429127 0.1 19.686781 0.1 32.891857 135.153747 0. 0.
nan 17.628105 0.1 32.555180 0.1 32.761517 134.516717 0. 0.
nan 16.402506 0.1 30.215490 0.1 32.708867 134.599567 0. 0.
nan 17.266300 0.1 31.728125 0.1 32.625133 134.516433 0. 0.
nan 18.410175 0.1 33.865768 0.1 32.675233 134.433400 0. 0.
nan 22.964315 0.1 41.753460 0.1 33.296480 134.194650 0. 0.
nan 22.860731 0.1 41.580879 0.1 33.295240 134.204350 0. 0.
nan 22.633265 0.1 41.072830 0.1 33.293930 134.214570 0. 0.
nan 22.406149 0.1 40.362289 0.1 33.291170 134.223480 0. 0.
nan 22.257395 0.1 40.262814 0.1 33.287430 134.232720 0. 0.
nan 22.101139 0.1 39.714645 0.1 33.284990 134.241320 0. 0.
nan 21.977375 0.1 39.494858 0.1 33.282590 134.249730 0. 0.
nan 21.872011 0.1 39.290512 0.1 33.280290 134.258190 0. 0.
nan 21.783915 0.1 39.243065 0.1 33.278060 134.266070 0. 0.
nan 21.806101 0.1 39.421146 0.1 33.271720 134.270710 0. 0.
nan 21.735743 0.1 39.290054 0.1 33.264890 134.275700 0. 0.
nan 21.656593 0.1 39.126720 0.1 33.256950 134.281510 0. 0.
nan 21.632902 0.1 39.323219 0.1 33.249410 134.287020 0. 0.
nan 21.507755 0.1 38.999878 0.1 33.241470 134.292820 0. 0.
nan 21.484419 0.1 39.147076 0.1 33.233540 134.298620 0. 0.
nan 21.407791 0.1 39.037960 0.1 33.226040 134.304090 0. 0.
nan 21.324186 0.1 38.847363 0.1 33.217880 134.308520 0. 0.
nan 21.272774 0.1 38.744186 0.1 33.209150 134.308810 0. 0.
nan 21.292679 0.1 38.835018 0.1 33.199960 134.309120 0. 0.
nan 21.280405 0.1 38.828342 0.1 33.191230 134.309410 0. 0.
nan 21.297287 0.1 39.004280 0.1 33.182240 134.309710 0. 0.
nan 21.242558 0.1 38.881981 0.1 33.173440 134.310000 0. 0.
nan 21.294531 0.1 39.092239 0.1 33.165130 134.310280 0. 0.
nan 21.254999 0.1 39.093796 0.1 33.156450 134.310570 0. 0.
nan 21.189018 0.1 38.990685 0.1 33.148210 134.310850 0. 0.
nan 21.210352 0.1 39.174442 0.1 33.139290 134.311140 0. 0.
nan 21.157137 0.1 38.960476 0.1 33.130600 134.311430 0. 0.
nan 21.161480 0.1 39.044266 0.1 33.121450 134.311740 0. 0.
nan 21.102041 0.1 38.882160 0.1 33.112290 134.312040 0. 0.
nan 21.099976 0.1 38.890247 0.1 33.103600 134.312330 0. 0.
nan 21.117863 0.1 39.051315 0.1 33.094860 134.312620 0. 0.
nan 21.107477 0.1 39.063488 0.1 33.086950 134.312880 0. 0.
nan 21.057779 0.1 38.898499 0.1 33.078630 134.313160 0. 0.
nan 21.023745 0.1 38.780022 0.1 33.070300 134.313440 0. 0.
nan 21.059671 0.1 38.978771 0.1 33.062390 134.313700 0. 0.
nan 20.972311 0.1 38.813339 0.1 33.054280 134.313970 0. 0.
nan 20.938885 0.1 38.717407 0.1 33.046760 134.314000 0. 0.
nan 20.938341 0.1 38.735466 0.1 33.038860 134.314010 0. 0.
nan 20.960659 0.1 38.837349 0.1 33.031340 134.314010 0. 0.
nan 20.949366 0.1 38.853329 0.1 33.023440 134.314010 0. 0.
nan 20.892914 0.1 38.672989 0.1 33.014400 134.314010 0. 0.
nan 20.847641 0.1 38.516781 0.1 33.004700 134.314020 0. 0.
nan 20.785679 0.1 38.342010 0.1 32.994500 134.314020 0. 0.
nan 20.765434 0.1 38.341274 0.1 32.984960 134.314930 0. 0.
nan 20.662527 0.1 38.187870 0.1 32.975560 134.319630 0. 0.
nan 20.674587 0.1 38.190136 0.1 32.967600 134.323610 0. 0.
nan 20.605614 0.1 38.150608 0.1 32.960390 134.327220 0. 0.
nan 20.538033 0.1 38.147465 0.1 32.953190 134.330820 0. 0.
nan 20.478323 0.1 37.817097 0.1 32.946340 134.334240 0. 0.
nan 20.428383 0.1 37.762306 0.1 32.939130 134.337840 0. 0.
nan 20.407274 0.1 37.804382 0.1 32.931500 134.339020 0. 0.
nan 20.436947 0.1 37.783592 0.1 32.922840 134.339020 0. 0.
nan 20.406199 0.1 37.842972 0.1 32.914590 134.339020 0. 0.
nan 20.318356 0.1 37.503147 0.1 32.905930 134.339020 0. 0.
nan 20.278124 0.1 37.446285 0.1 32.897400 134.337300 0. 0.
