# comments
nan 20.120876 0.1 36.934532 0.1 33.804783 136.557017 0. 0.
nan 20.012617 0.1 37.245888 0.1 33.752400 136.648833 0. 0.
nan 18.371080 0.1 34.343517 0.1 33.648417 136.603667 0. 0.
nan 18.136953 0.1 33.786522 0.1 33.678067 136.467383 0. 0.
nan 18.406666 0.1 34.200218 0.1 33.477217 136.926433 0. 0.
nan 17.081554 0.1 31.474670 0.1 33.358433 136.921583 0. 0.
nan 16.348206 0.1 30.798882 0.1 33.361333 136.807217 0. 0.
nan 17.364803 0.1 32.482883 0.1 33.466417 136.803850 0. 0.
nan 13.794707 0.1 25.856030 0.1 33.058383 136.831317 0. 0.
nan 14.387958 0.1 26.142763 0.1 33.053333 136.933483 0. 0.
nan 12.528366 0.1 23.276485 0.1 33.003250 136.778983 0. 0.
nan 13.795837 0.1 25.068018 0.1 33.127850 136.818817 0. 0.
nan 13.754070 0.1 25.762428 0.1 33.220050 136.690333 0. 0.
nan 12.235198 0.1 22.874432 0.1 33.172667 136.576950 0. 0.
nan 13.060714 0.1 24.995102 0.1 33.233100 136.563050 0. 0.
nan 14.065204 0.1 26.597824 0.1 33.304500 136.595800 0. 0.
nan 15.251454 0.1 28.648752 0.1 33.484967 136.445050 0. 0.
nan 13.622354 0.1 25.596239 0.1 33.385983 136.382783 0. 0.
nan 13.880794 0.1 25.773436 0.1 33.445900 136.256433 0. 0.
nan 15.518469 0.1 28.924850 0.1 33.544400 136.332467 0. 0.
nan 11.777884 0.1 21.830317 0.1 32.950627 136.741655 0. 0.
nan 12.303010 0.1 23.021040 0.1 33.330283 136.270167 0. 0.
nan 21.479635 0.1 38.635754 0.1 33.408480 134.744900 0. 0.
nan 20.011381 0.1 36.214298 0.1 33.339293 134.864088 0. 0.
nan 20.707193 0.1 37.591843 0.1 33.248992 134.769132 0. 0.
nan 22.024693 0.1 40.097755 0.1 33.320523 134.672350 0. 0.
nan 17.712786 0.1 31.953302 0.1 33.322233 135.066732 0. 0.
nan 16.265379 0.1 29.955582 0.1 33.225200 135.169833 0. 0.
nan 16.904675 0.1 31.456711 0.1 33.175517 135.096383 0. 0.
nan 18.368086 0.1 33.430981 0.1 33.275027 134.986863 0. 0.
nan 13.247568 0.1 24.678736 0.1 33.228035 135.458452 0. 0.
nan 11.701469 0.1 22.125793 0.1 33.125067 135.524883 0. 0.
nan 12.538653 0.1 23.417919 0.1 33.083692 135.412142 0. 0.
nan 14.249521 0.1 26.735281 0.1 33.175217 135.341417 0. 0.
nan 9.601548 0.1 17.645798 0.1 33.159433 135.755700 0. 0.
nan 8.709687 0.1 16.136446 0.1 33.135933 135.858367 0. 0.
nan 8.576575 0.1 16.490005 0.1 33.141983 135.958600 0. 0.
nan 7.595432 0.1 15.164304 0.1 33.029878 135.840112 0. 0.
nan 9.130305 0.1 17.096874 0.1 33.091457 135.714368 0. 0.
nan 6.647619 0.1 12.686546 0.1 32.926983 135.774733 0. 0.
nan 5.634239 0.1 11.131237 0.1 32.891950 135.833550 0. 0.
nan 6.093410 0.1 11.834724 0.1 32.801677 135.773283 0. 0.
nan 7.777469 0.1 14.800364 0.1 32.860267 135.667000 0. 0.
nan 14.004116 0.1 26.050060 0.1 32.987950 135.225000 0. 0.
nan 12.405580 0.1 23.261707 0.1 32.882717 135.308200 0. 0.
nan 13.872087 0.1 25.968060 0.1 32.854517 135.191583 0. 0.
nan 14.503716 0.1 27.111710 0.1 32.891857 135.153747 0. 0.
nan 22.305004 0.1 41.039379 0.1 32.761517 134.516717 0. 0.
nan 21.000526 0.1 38.604424 0.1 32.708867 134.599567 0. 0.
nan 21.890501 0.1 40.159912 0.1 32.625133 134.516433 0. 0.
nan 23.084772 0.1 42.377079 0.1 32.675233 134.433400 0. 0.
nan 27.187359 0.1 49.423889 0.1 33.296480 134.194650 0. 0.
nan 27.074318 0.1 49.243065 0.1 33.295240 134.204350 0. 0.
nan 26.849739 0.1 48.736748 0.1 33.293930 134.214570 0. 0.
nan 26.622427 0.1 48.019444 0.1 33.291170 134.223480 0. 0.
nan 26.477531 0.1 47.916248 0.1 33.287430 134.232720 0. 0.
nan 26.316422 0.1 47.344475 0.1 33.284990 134.241320 0. 0.
nan 26.189758 0.1 47.116592 0.1 33.282590 134.249730 0. 0.
nan 26.075449 0.1 46.913139 0.1 33.280290 134.258190 0. 0.
nan 25.984312 0.1 46.867393 0.1 33.278060 134.266070 0. 0.
nan 26.009693 0.1 47.052296 0.1 33.271720 134.270710 0. 0.
nan 25.946251 0.1 46.935471 0.1 33.264890 134.275700 0. 0.
nan 25.873665 0.1 46.781960 0.1 33.256950 134.281510 0. 0.
nan 25.858957 0.1 46.992317 0.1 33.249410 134.287020 0. 0.
nan 25.747469 0.1 46.688251 0.1 33.241470 134.292820 0. 0.
nan 25.732170 0.1 46.848083 0.1 33.233540 134.298620 0. 0.
nan 25.662735 0.1 46.755386 0.1 33.226040 134.304090 0. 0.
nan 25.585964 0.1 46.581375 0.1 33.217880 134.308520 0. 0.
nan 25.544992 0.1 46.500343 0.1 33.209150 134.308810 0. 0.
nan 25.578760 0.1 46.612091 0.1 33.199960 134.309120 0. 0.
nan 25.574778 0.1 46.618710 0.1 33.191230 134.309410 0. 0.
nan 25.601797 0.1 46.813137 0.1 33.182240 134.309710 0. 0.
nan 25.563122 0.1 46.712147 0.1 33.173440 134.310000 0. 0.
nan 25.622162 0.1 46.933697 0.1 33.165130 134.310280 0. 0.
nan 25.592087 0.1 46.951221 0.1 33.156450 134.310570 0. 0.
nan 25.539661 0.1 46.870312 0.1 33.148210 134.310850 0. 0.
nan 25.564007 0.1 47.060623 0.1 33.139290 134.311140 0. 0.
nan 25.520575 0.1 46.862495 0.1 33.130600 134.311430 0. 0.
nan 25.535170 0.1 46.973148 0.1 33.121450 134.311740 0. 0.
nan 25.488188 0.1 46.829895 0.1 33.112290 134.312040 0. 0.
nan 25.493412 0.1 46.850739 0.1 33.103600 134.312330 0. 0.
nan 25.520588 0.1 47.028435 0.1 33.094860 134.312620 0. 0.
nan 25.523260 0.1 47.064125 0.1 33.086950 134.312880 0. 0.
nan 25.483627 0.1 46.916992 0.1 33.078630 134.313160 0. 0.
nan 25.458134 0.1 46.816330 0.1 33.070300 134.313440 0. 0.
nan 25.498552 0.1 47.024254 0.1 33.062390 134.313700 0. 0.
nan 25.425852 0.1 46.885532 0.1 33.054280 134.313970 0. 0.
nan 25.394793 0.1 46.796810 0.1 33.046760 134.314000 0. 0.
nan 25.404865 0.1 46.835625 0.1 33.038860 134.314010 0. 0.
nan 25.435701 0.1 46.951035 0.1 33.031340 134.314010 0. 0.
nan 25.433388 0.1 46.984859 0.1 33.023440 134.314010 0. 0.
nan 25.389225 0.1 46.819695 0.1 33.014400 134.314010 0. 0.
nan 25.351368 0.1 46.678841 0.1 33.004700 134.314020 0. 0.
nan 25.301834 0.1 46.525234 0.1 32.994500 134.314020 0. 0.
nan 25.295853 0.1 46.544907 0.1 32.984960 134.314930 0. 0.
nan 25.199823 0.1 46.407394 0.1 32.975560 134.319630 0. 0.
nan 25.219736 0.1 46.420609 0.1 32.967600 134.323610 0. 0.
nan 25.159275 0.1 46.394463 0.1 32.960390 134.327220 0. 0.
nan 25.096869 0.1 46.404446 0.1 32.953190 134.330820 0. 0.
nan 25.046743 0.1 46.087029 0.1 32.946340 134.334240 0. 0.
nan 25.000738 0.1 46.038940 0.1 32.939130 134.337840 0. 0.
nan 24.990294 0.1 46.099270 0.1 32.931500 134.339020 0. 0.
nan 25.029236 0.1 46.094166 0.1 32.922840 134.339020 0. 0.
nan 25.013018 0.1 46.181431 0.1 32.914590 134.339020 0. 0.
nan 24.934557 0.1 45.860523 0.1 32.905930 134.339020 0. 0.
nan 24.900576 0.1 45.812527 0.1 32.897400 134.337300 0. 0.
