# comments
nan 6.581335 0.1 12.641574 0.1 33.804783 136.557017 0. 0.
nan 4.297374 0.1 9.428226 0.1 33.752400 136.648833 0. 0.
nan 5.031885 0.1 10.693911 0.1 33.648417 136.603667 0. 0.
nan 7.592701 0.1 14.856671 0.1 33.678067 136.467383 0. 0.
nan 7.675074 0.1 14.713681 0.1 33.477217 136.926433 0. 0.
nan 9.121119 0.1 16.874350 0.1 33.358433 136.921583 0. 0.
nan 9.017716 0.1 17.346052 0.1 33.361333 136.807217 0. 0.
nan 7.107711 0.1 13.963227 0.1 33.466417 136.803850 0. 0.
nan 13.004511 0.1 24.126921 0.1 33.058383 136.831317 0. 0.
nan 12.667395 0.1 22.778477 0.1 33.053333 136.933483 0. 0.
nan 13.370033 0.1 24.481649 0.1 33.003250 136.778983 0. 0.
nan 11.732600 0.1 21.092934 0.1 33.127850 136.818817 0. 0.
nan 11.171925 0.1 20.808969 0.1 33.220050 136.690333 0. 0.
nan 11.967824 0.1 22.140884 0.1 33.172667 136.576950 0. 0.
nan 11.692912 0.1 22.292610 0.1 33.233100 136.563050 0. 0.
nan 10.458748 0.1 19.757734 0.1 33.304500 136.595800 0. 0.
nan 9.461347 0.1 17.933247 0.1 33.484967 136.445050 0. 0.
nan 11.204288 0.1 20.910662 0.1 33.385983 136.382783 0. 0.
nan 11.847579 0.1 21.834635 0.1 33.445900 136.256433 0. 0.
nan 10.423331 0.1 19.423159 0.1 33.544400 136.332467 0. 0.
nan 14.087751 0.1 25.615385 0.1 32.950627 136.741655 0. 0.
nan 12.647508 0.1 23.433010 0.1 33.330283 136.270167 0. 0.
nan 29.027536 0.1 52.025681 0.1 33.408480 134.744900 0. 0.
nan 28.114468 0.1 50.576374 0.1 33.339293 134.864088 0. 0.
nan 29.548906 0.1 53.282295 0.1 33.248992 134.769132 0. 0.
nan 30.221786 0.1 54.633022 0.1 33.320523 134.672350 0. 0.
nan 25.839369 0.1 46.293137 0.1 33.322233 135.066732 0. 0.
nan 25.197662 0.1 45.738979 0.1 33.225200 135.169833 0. 0.
nan 26.438585 0.1 48.338600 0.1 33.175517 135.096383 0. 0.
nan 26.984533 0.1 48.654945 0.1 33.275027 134.986863 0. 0.
nan 21.821432 0.1 39.804897 0.1 33.228035 135.458452 0. 0.
nan 21.772953 0.1 39.946777 0.1 33.125067 135.524883 0. 0.
nan 23.169758 0.1 42.226730 0.1 33.083692 135.412142 0. 0.
nan 23.620644 0.1 43.315784 0.1 33.175217 135.341417 0. 0.
nan 18.600508 0.1 33.509018 0.1 33.159433 135.755700 0. 0.
nan 17.884619 0.1 32.366379 0.1 33.135933 135.858367 0. 0.
nan 17.129948 0.1 31.573696 0.1 33.141983 135.958600 0. 0.
nan 19.240791 0.1 35.774597 0.1 33.029878 135.840112 0. 0.
nan 19.654444 0.1 35.719814 0.1 33.091457 135.714368 0. 0.
nan 20.227825 0.1 36.778248 0.1 32.926983 135.774733 0. 0.
nan 20.080341 0.1 36.733032 0.1 32.891950 135.833550 0. 0.
nan 21.354124 0.1 38.936848 0.1 32.801677 135.773283 0. 0.
nan 21.791014 0.1 39.727345 0.1 32.860267 135.667000 0. 0.
nan 25.619080 0.1 46.630180 0.1 32.987950 135.225000 0. 0.
nan 25.271111 0.1 46.058823 0.1 32.882717 135.308200 0. 0.
nan 26.699738 0.1 48.703064 0.1 32.854517 135.191583 0. 0.
nan 26.965094 0.1 49.199310 0.1 32.891857 135.153747 0. 0.
nan 34.477798 0.1 62.682472 0.1 32.761517 134.516717 0. 0.
nan 33.704823 0.1 61.170258 0.1 32.708867 134.599567 0. 0.
nan 34.924419 0.1 63.323181 0.1 32.625133 134.516433 0. 0.
nan 35.693333 0.1 64.790260 0.1 32.675233 134.433400 0. 0.
nan 35.820740 0.1 64.709610 0.1 33.296480 134.194650 0. 0.
nan 35.694424 0.1 64.519585 0.1 33.295240 134.204350 0. 0.
nan 35.501366 0.1 64.053200 0.1 33.293930 134.214570 0. 0.
nan 35.281120 0.1 63.341343 0.1 33.291170 134.223480 0. 0.
nan 35.166111 0.1 63.292366 0.1 33.287430 134.232720 0. 0.
nan 34.995716 0.1 62.711071 0.1 33.284990 134.241320 0. 0.
nan 34.873383 0.1 62.484932 0.1 33.282590 134.249730 0. 0.
nan 34.768078 0.1 62.308319 0.1 33.280290 134.258190 0. 0.
nan 34.705807 0.1 62.301666 0.1 33.278060 134.266070 0. 0.
nan 34.752575 0.1 62.526455 0.1 33.271720 134.270710 0. 0.
nan 34.739746 0.1 62.505798 0.1 33.264890 134.275700 0. 0.
nan 34.711884 0.1 62.424305 0.1 33.256950 134.281510 0. 0.
nan 34.743530 0.1 62.717365 0.1 33.249410 134.287020 0. 0.
nan 34.680878 0.1 62.506756 0.1 33.241470 134.292820 0. 0.
nan 34.724373 0.1 62.773884 0.1 33.233540 134.298620 0. 0.
nan 34.712540 0.1 62.791973 0.1 33.226040 134.304090 0. 0.
nan 34.693264 0.1 62.729214 0.1 33.217880 134.308520 0. 0.
nan 34.724785 0.1 62.766762 0.1 33.209150 134.308810 0. 0.
nan 34.833771 0.1 63.007519 0.1 33.199960 134.309120 0. 0.
nan 34.872498 0.1 63.100395 0.1 33.191230 134.309410 0. 0.
nan 34.947350 0.1 63.404648 0.1 33.182240 134.309710 0. 0.
nan 34.983276 0.1 63.431740 0.1 33.173440 134.310000 0. 0.
nan 35.087566 0.1 63.733990 0.1 33.165130 134.310280 0. 0.
nan 35.108250 0.1 63.842201 0.1 33.156450 134.310570 0. 0.
nan 35.129265 0.1 63.888630 0.1 33.148210 134.310850 0. 0.
nan 35.182682 0.1 64.138687 0.1 33.139290 134.311140 0. 0.
nan 35.204685 0.1 64.053436 0.1 33.130600 134.311430 0. 0.
nan 35.289425 0.1 64.280724 0.1 33.121450 134.311740 0. 0.
nan 35.305698 0.1 64.252228 0.1 33.112290 134.312040 0. 0.
nan 35.343704 0.1 64.340637 0.1 33.103600 134.312330 0. 0.
nan 35.435390 0.1 64.628281 0.1 33.094860 134.312620 0. 0.
nan 35.490883 0.1 64.749374 0.1 33.086950 134.312880 0. 0.
nan 35.493637 0.1 64.690758 0.1 33.078630 134.313160 0. 0.
nan 35.540813 0.1 64.712738 0.1 33.070300 134.313440 0. 0.
nan 35.602718 0.1 64.963295 0.1 33.062390 134.313700 0. 0.
nan 35.600868 0.1 64.943604 0.1 33.054280 134.313970 0. 0.
nan 35.585354 0.1 64.888130 0.1 33.046760 134.314000 0. 0.
nan 35.656967 0.1 65.043495 0.1 33.038860 134.314010 0. 0.
nan 35.730591 0.1 65.230499 0.1 33.031340 134.314010 0. 0.
nan 35.791645 0.1 65.376892 0.1 33.023440 134.314010 0. 0.
nan 35.792061 0.1 65.308250 0.1 33.014400 134.314010 0. 0.
nan 35.803379 0.1 65.239479 0.1 33.004700 134.314020 0. 0.
nan 35.809948 0.1 65.188255 0.1 32.994500 134.314020 0. 0.
nan 35.855453 0.1 65.327705 0.1 32.984960 134.314930 0. 0.
nan 35.843033 0.1 65.337494 0.1 32.975560 134.319630 0. 0.
nan 35.893288 0.1 65.393806 0.1 32.967600 134.323610 0. 0.
nan 35.882378 0.1 65.444366 0.1 32.960390 134.327220 0. 0.
nan 35.871273 0.1 65.564163 0.1 32.953190 134.330820 0. 0.
nan 35.890350 0.1 65.353455 0.1 32.946340 134.334240 0. 0.
nan 35.869503 0.1 65.355316 0.1 32.939130 134.337840 0. 0.
nan 35.918571 0.1 65.532822 0.1 32.931500 134.339020 0. 0.
nan 35.991955 0.1 65.577911 0.1 32.922840 134.339020 0. 0.
nan 36.043457 0.1 65.779205 0.1 32.914590 134.339020 0. 0.
nan 36.033802 0.1 65.598244 0.1 32.905930 134.339020 0. 0.
nan 36.040127 0.1 65.605209 0.1 32.897400 134.337300 0. 0.
