# comments
nan 16.714890 0.1 30.853083 0.1 33.804783 136.557017 0. 0.
nan 15.543973 0.1 29.288803 0.1 33.752400 136.648833 0. 0.
nan 14.376243 0.1 27.256079 0.1 33.648417 136.603667 0. 0.
nan 15.794893 0.1 29.609324 0.1 33.678067 136.467383 0. 0.
nan 10.333546 0.1 19.787500 0.1 33.477217 136.926433 0. 0.
nan 8.208921 0.1 15.566536 0.1 33.358433 136.921583 0. 0.
nan 9.056017 0.1 17.725185 0.1 33.361333 136.807217 0. 0.
nan 10.570747 0.1 20.396725 0.1 33.466417 136.803850 0. 0.
nan 4.359052 0.1 9.075444 0.1 33.058383 136.831317 0. 0.
nan 2.256806 0.1 4.684390 0.1 33.053333 136.933483 0. 0.
nan 4.562173 0.1 9.113469 0.1 33.003250 136.778983 0. 0.
nan 4.918777 0.1 9.280499 0.1 33.127850 136.818817 0. 0.
nan 7.925656 0.1 15.346311 0.1 33.220050 136.690333 0. 0.
nan 8.630154 0.1 16.395483 0.1 33.172667 136.576950 0. 0.
nan 9.709963 0.1 18.952682 0.1 33.233100 136.563050 0. 0.
nan 10.083715 0.1 19.432316 0.1 33.304500 136.595800 0. 0.
nan 13.526347 0.1 25.601404 0.1 33.484967 136.445050 0. 0.
nan 13.045933 0.1 24.641464 0.1 33.385983 136.382783 0. 0.
nan 14.729656 0.1 27.401749 0.1 33.445900 136.256433 0. 0.
nan 15.105981 0.1 28.245035 0.1 33.544400 136.332467 0. 0.
nan 5.137172 0.1 9.994102 0.1 32.950627 136.741655 0. 0.
nan 13.820419 0.1 25.815830 0.1 33.330283 136.270167 0. 0.
nan 31.100477 0.1 56.019825 0.1 33.408480 134.744900 0. 0.
nan 29.835081 0.1 53.898483 0.1 33.339293 134.864088 0. 0.
nan 30.896288 0.1 55.947632 0.1 33.248992 134.769132 0. 0.
nan 31.975283 0.1 58.085491 0.1 33.320523 134.672350 0. 0.
nan 27.375435 0.1 49.324978 0.1 33.322233 135.066732 0. 0.
nan 26.186581 0.1 47.824581 0.1 33.225200 135.169833 0. 0.
nan 27.176590 0.1 49.947983 0.1 33.175517 135.096383 0. 0.
nan 28.312382 0.1 51.315407 0.1 33.275027 134.986863 0. 0.
nan 22.679234 0.1 41.697758 0.1 33.228035 135.458452 0. 0.
nan 21.796501 0.1 40.304604 0.1 33.125067 135.524883 0. 0.
nan 23.056746 0.1 42.363525 0.1 33.083692 135.412142 0. 0.
nan 24.227898 0.1 44.728794 0.1 33.175217 135.341417 0. 0.
nan 18.622555 0.1 33.855072 0.1 33.159433 135.755700 0. 0.
nan 17.437704 0.1 31.864674 0.1 33.135933 135.858367 0. 0.
nan 16.454042 0.1 30.638975 0.1 33.141983 135.958600 0. 0.
nan 17.772020 0.1 33.429279 0.1 33.029878 135.840112 0. 0.
nan 19.068037 0.1 34.964413 0.1 33.091457 135.714368 0. 0.
nan 18.063095 0.1 33.147152 0.1 32.926983 135.774733 0. 0.
nan 17.419643 0.1 32.191399 0.1 32.891950 135.833550 0. 0.
nan 18.172373 0.1 33.476810 0.1 32.801677 135.773283 0. 0.
nan 19.444733 0.1 35.788551 0.1 32.860267 135.667000 0. 0.
nan 25.087658 0.1 46.004486 0.1 32.987950 135.225000 0. 0.
nan 23.916874 0.1 43.941830 0.1 32.882717 135.308200 0. 0.
nan 25.408323 0.1 46.705803 0.1 32.854517 135.191583 0. 0.
nan 25.938660 0.1 47.669243 0.1 32.891857 135.153747 0. 0.
nan 33.709869 0.1 61.618931 0.1 32.761517 134.516717 0. 0.
nan 32.595879 0.1 59.468716 0.1 32.708867 134.599567 0. 0.
nan 33.569389 0.1 61.179810 0.1 32.625133 134.516433 0. 0.
nan 34.641239 0.1 63.201626 0.1 32.675233 134.433400 0. 0.
nan 37.481415 0.1 68.008369 0.1 33.296480 134.194650 0. 0.
nan 37.359543 0.1 67.818306 0.1 33.295240 134.204350 0. 0.
nan 37.147007 0.1 67.329010 0.1 33.293930 134.214570 0. 0.
nan 36.921387 0.1 66.611015 0.1 33.291170 134.223480 0. 0.
nan 36.787605 0.1 66.530556 0.1 33.287430 134.232720 0. 0.
nan 36.617840 0.1 65.949532 0.1 33.284990 134.241320 0. 0.
nan 36.488827 0.1 65.720238 0.1 33.282590 134.249730 0. 0.
nan 36.377064 0.1 65.528488 0.1 33.280290 134.258190 0. 0.
nan 36.297005 0.1 65.497528 0.1 33.278060 134.266070 0. 0.
nan 36.331089 0.1 65.700012 0.1 33.271720 134.270710 0. 0.
nan 36.285862 0.1 65.616310 0.1 33.264890 134.275700 0. 0.
nan 36.228863 0.1 65.486687 0.1 33.256950 134.281510 0. 0.
nan 36.229324 0.1 65.725227 0.1 33.249410 134.287020 0. 0.
nan 36.136898 0.1 65.460228 0.1 33.241470 134.292820 0. 0.
nan 36.148495 0.1 65.663437 0.1 33.233540 134.298620 0. 0.
nan 36.100719 0.1 65.607170 0.1 33.226040 134.304090 0. 0.
nan 36.039898 0.1 65.461662 0.1 33.217880 134.308520 0. 0.
nan 36.024673 0.1 65.423576 0.1 33.209150 134.308810 0. 0.
nan 36.084614 0.1 65.585152 0.1 33.199960 134.309120 0. 0.
nan 36.095890 0.1 65.621864 0.1 33.191230 134.309410 0. 0.
nan 36.140755 0.1 65.859467 0.1 33.182240 134.309710 0. 0.
nan 36.133121 0.1 65.810051 0.1 33.173440 134.310000 0. 0.
nan 36.208565 0.1 66.057846 0.1 33.165130 134.310280 0. 0.
nan 36.197670 0.1 66.109642 0.1 33.156450 134.310570 0. 0.
nan 36.171082 0.1 66.074409 0.1 33.148210 134.310850 0. 0.
nan 36.204132 0.1 66.286324 0.1 33.139290 134.311140 0. 0.
nan 36.185139 0.1 66.121094 0.1 33.130600 134.311430 0. 0.
nan 36.224949 0.1 66.275848 0.1 33.121450 134.311740 0. 0.
nan 36.199352 0.1 66.174377 0.1 33.112290 134.312040 0. 0.
nan 36.216373 0.1 66.223488 0.1 33.103600 134.312330 0. 0.
nan 36.263184 0.1 66.437424 0.1 33.094860 134.312620 0. 0.
nan 36.285507 0.1 66.510780 0.1 33.086950 134.312880 0. 0.
nan 36.265682 0.1 66.401184 0.1 33.078630 134.313160 0. 0.
nan 36.261250 0.1 66.334724 0.1 33.070300 134.313440 0. 0.
nan 36.308887 0.1 66.556000 0.1 33.062390 134.313700 0. 0.
nan 36.260975 0.1 66.452759 0.1 33.054280 134.313970 0. 0.
nan 36.234020 0.1 66.374565 0.1 33.046760 134.314000 0. 0.
nan 36.262161 0.1 66.450256 0.1 33.038860 134.314010 0. 0.
nan 36.308258 0.1 66.590912 0.1 33.031340 134.314010 0. 0.
nan 36.323185 0.1 66.660187 0.1 33.023440 134.314010 0. 0.
nan 36.294563 0.1 66.523590 0.1 33.014400 134.314010 0. 0.
nan 36.272335 0.1 66.403046 0.1 33.004700 134.314020 0. 0.
nan 36.239170 0.1 66.280304 0.1 32.994500 134.314020 0. 0.
nan 36.251289 0.1 66.336838 0.1 32.984960 134.314930 0. 0.
nan 36.179806 0.1 66.244431 0.1 32.975560 134.319630 0. 0.
nan 36.209038 0.1 66.271355 0.1 32.967600 134.323610 0. 0.
nan 36.167385 0.1 66.274345 0.1 32.960390 134.327220 0. 0.
nan 36.122055 0.1 66.321327 0.1 32.953190 134.330820 0. 0.
nan 36.087086 0.1 66.031799 0.1 32.946340 134.334240 0. 0.
nan 36.047260 0.1 65.996773 0.1 32.939130 134.337840 0. 0.
nan 36.052631 0.1 66.085823 0.1 32.931500 134.339020 0. 0.
nan 36.102226 0.1 66.092552 0.1 32.922840 134.339020 0. 0.
nan 36.109467 0.1 66.222313 0.1 32.914590 134.339020 0. 0.
nan 36.051022 0.1 65.941803 0.1 32.905930 134.339020 0. 0.
nan 36.026608 0.1 65.910118 0.1 32.897400 134.337300 0. 0.
