# comments
nan 23.914341 0.1 43.748909 0.1 33.804783 136.557017 0. 0.
nan 23.917007 0.1 44.228500 0.1 33.752400 136.648833 0. 0.
nan 22.352945 0.1 41.492828 0.1 33.648417 136.603667 0. 0.
nan 22.042589 0.1 40.789227 0.1 33.678067 136.467383 0. 0.
nan 22.420599 0.1 41.411263 0.1 33.477217 136.926433 0. 0.
nan 21.084450 0.1 38.688698 0.1 33.358433 136.921583 0. 0.
nan 20.487747 0.1 38.237801 0.1 33.361333 136.807217 0. 0.
nan 21.461487 0.1 39.845009 0.1 33.466417 136.803850 0. 0.
nan 17.697800 0.1 32.855434 0.1 33.058383 136.831317 0. 0.
nan 18.129103 0.1 32.852272 0.1 33.053333 136.933483 0. 0.
nan 16.440502 0.1 30.281626 0.1 33.003250 136.778983 0. 0.
nan 17.794523 0.1 32.258923 0.1 33.127850 136.818817 0. 0.
nan 18.024635 0.1 33.446548 0.1 33.220050 136.690333 0. 0.
nan 16.657940 0.1 30.822376 0.1 33.172667 136.576950 0. 0.
nan 17.481279 0.1 32.919025 0.1 33.233100 136.563050 0. 0.
nan 18.396326 0.1 34.386684 0.1 33.304500 136.595800 0. 0.
nan 19.417597 0.1 36.122719 0.1 33.484967 136.445050 0. 0.
nan 17.892088 0.1 33.264030 0.1 33.385983 136.382783 0. 0.
nan 17.903128 0.1 33.014099 0.1 33.445900 136.256433 0. 0.
nan 19.506840 0.1 36.060616 0.1 33.544400 136.332467 0. 0.
nan 15.674063 0.1 28.764433 0.1 32.950627 136.741655 0. 0.
nan 16.635897 0.1 30.804403 0.1 33.330283 136.270167 0. 0.
nan 19.794144 0.1 35.615005 0.1 33.408480 134.744900 0. 0.
nan 18.484865 0.1 33.448009 0.1 33.339293 134.864088 0. 0.
nan 18.636227 0.1 33.852623 0.1 33.248992 134.769132 0. 0.
nan 19.927158 0.1 36.316582 0.1 33.320523 134.672350 0. 0.
nan 16.867393 0.1 30.437815 0.1 33.322233 135.066732 0. 0.
nan 15.504186 0.1 28.577646 0.1 33.225200 135.169833 0. 0.
nan 15.589211 0.1 29.065548 0.1 33.175517 135.096383 0. 0.
nan 17.040516 0.1 31.041656 0.1 33.275027 134.986863 0. 0.
nan 14.103994 0.1 26.199072 0.1 33.228035 135.458452 0. 0.
nan 12.677945 0.1 23.850878 0.1 33.125067 135.524883 0. 0.
nan 12.546664 0.1 23.395838 0.1 33.083692 135.412142 0. 0.
nan 14.171724 0.1 26.595592 0.1 33.175217 135.341417 0. 0.
nan 12.409705 0.1 22.637350 0.1 33.159433 135.755700 0. 0.
nan 12.281121 0.1 22.545601 0.1 33.135933 135.858367 0. 0.
nan 12.769347 0.1 24.001505 0.1 33.141983 135.958600 0. 0.
nan 11.227607 0.1 21.621796 0.1 33.029878 135.840112 0. 0.
nan 11.560057 0.1 21.420481 0.1 33.091457 135.714368 0. 0.
nan 9.473964 0.1 17.689411 0.1 32.926983 135.774733 0. 0.
nan 9.234420 0.1 17.464130 0.1 32.891950 135.833550 0. 0.
nan 8.149864 0.1 15.382637 0.1 32.801677 135.773283 0. 0.
nan 8.801032 0.1 16.626242 0.1 32.860267 135.667000 0. 0.
nan 12.464476 0.1 23.251526 0.1 32.987950 135.225000 0. 0.
nan 10.727783 0.1 20.174597 0.1 32.882717 135.308200 0. 0.
nan 11.477872 0.1 21.598701 0.1 32.854517 135.191583 0. 0.
nan 12.127168 0.1 22.785915 0.1 32.891857 135.153747 0. 0.
nan 17.886539 0.1 33.064602 0.1 32.761517 134.516717 0. 0.
nan 16.572937 0.1 30.567747 0.1 32.708867 134.599567 0. 0.
nan 17.162704 0.1 31.584894 0.1 32.625133 134.516433 0. 0.
nan 18.386911 0.1 33.862717 0.1 32.675233 134.433400 0. 0.
nan 24.041250 0.1 43.753433 0.1 33.296480 134.194650 0. 0.
nan 23.947237 0.1 43.602409 0.1 33.295240 134.204350 0. 0.
nan 23.718403 0.1 43.092411 0.1 33.293930 134.214570 0. 0.
nan 23.497101 0.1 42.389301 0.1 33.291170 134.223480 0. 0.
nan 23.351355 0.1 42.285358 0.1 33.287430 134.232720 0. 0.
nan 23.205286 0.1 41.750603 0.1 33.284990 134.241320 0. 0.
nan 23.084379 0.1 41.543903 0.1 33.282590 134.249730 0. 0.
nan 22.982622 0.1 41.345985 0.1 33.280290 134.258190 0. 0.
nan 22.897467 0.1 41.307671 0.1 33.278060 134.266070 0. 0.
nan 22.916645 0.1 41.476276 0.1 33.271720 134.270710 0. 0.
nan 22.838718 0.1 41.324787 0.1 33.264890 134.275700 0. 0.
nan 22.750500 0.1 41.146107 0.1 33.256950 134.281510 0. 0.
nan 22.718290 0.1 41.323280 0.1 33.249410 134.287020 0. 0.
nan 22.585789 0.1 40.979210 0.1 33.241470 134.292820 0. 0.
nan 22.554373 0.1 41.110989 0.1 33.233540 134.298620 0. 0.
nan 22.468355 0.1 40.989735 0.1 33.226040 134.304090 0. 0.
nan 22.375017 0.1 40.786358 0.1 33.217880 134.308520 0. 0.
nan 22.307280 0.1 40.657146 0.1 33.209150 134.308810 0. 0.
nan 22.309292 0.1 40.715591 0.1 33.199960 134.309120 0. 0.
nan 22.285946 0.1 40.686687 0.1 33.191230 134.309410 0. 0.
nan 22.288519 0.1 40.834148 0.1 33.182240 134.309710 0. 0.
nan 22.213409 0.1 40.676540 0.1 33.173440 134.310000 0. 0.
nan 22.253378 0.1 40.864605 0.1 33.165130 134.310280 0. 0.
nan 22.196712 0.1 40.836262 0.1 33.156450 134.310570 0. 0.
nan 22.115000 0.1 40.699802 0.1 33.148210 134.310850 0. 0.
nan 22.132767 0.1 40.871807 0.1 33.139290 134.311140 0. 0.
nan 22.058496 0.1 40.628071 0.1 33.130600 134.311430 0. 0.
nan 22.048275 0.1 40.676834 0.1 33.121450 134.311740 0. 0.
nan 21.973114 0.1 40.483883 0.1 33.112290 134.312040 0. 0.
nan 21.957830 0.1 40.471165 0.1 33.103600 134.312330 0. 0.
nan 21.961056 0.1 40.602547 0.1 33.094860 134.312620 0. 0.
nan 21.931530 0.1 40.578842 0.1 33.086950 134.312880 0. 0.
nan 21.867615 0.1 40.389709 0.1 33.078630 134.313160 0. 0.
nan 21.817362 0.1 40.244938 0.1 33.070300 134.313440 0. 0.
nan 21.842205 0.1 40.429214 0.1 33.062390 134.313700 0. 0.
nan 21.732115 0.1 40.224613 0.1 33.054280 134.313970 0. 0.
nan 21.695095 0.1 40.118256 0.1 33.046760 134.314000 0. 0.
nan 21.673334 0.1 40.104568 0.1 33.038860 134.314010 0. 0.
nan 21.680628 0.1 40.177616 0.1 33.031340 134.314010 0. 0.
nan 21.654060 0.1 40.156998 0.1 33.023440 134.314010 0. 0.
nan 21.574766 0.1 39.948658 0.1 33.014400 134.314010 0. 0.
nan 21.517157 0.1 39.759083 0.1 33.004700 134.314020 0. 0.
nan 21.433327 0.1 39.547531 0.1 32.994500 134.314020 0. 0.
nan 21.392719 0.1 39.512875 0.1 32.984960 134.314930 0. 0.
nan 21.273046 0.1 39.328922 0.1 32.975560 134.319630 0. 0.
nan 21.269178 0.1 39.303665 0.1 32.967600 134.323610 0. 0.
nan 21.191526 0.1 39.246132 0.1 32.960390 134.327220 0. 0.
nan 21.119848 0.1 39.224319 0.1 32.953190 134.330820 0. 0.
nan 21.040924 0.1 38.866688 0.1 32.946340 134.334240 0. 0.
nan 20.985983 0.1 38.800220 0.1 32.939130 134.337840 0. 0.
nan 20.941252 0.1 38.803391 0.1 32.931500 134.339020 0. 0.
nan 20.952801 0.1 38.752010 0.1 32.922840 134.339020 0. 0.
nan 20.898611 0.1 38.772415 0.1 32.914590 134.339020 0. 0.
nan 20.792555 0.1 38.391491 0.1 32.905930 134.339020 0. 0.
nan 20.737341 0.1 38.316833 0.1 32.897400 134.337300 0. 0.
