# comments
nan 23.264219 0.1 42.542755 0.1 33.804783 136.557017 0. 0.
nan 23.435883 0.1 43.340057 0.1 33.752400 136.648833 0. 0.
nan 21.892820 0.1 40.642967 0.1 33.648417 136.603667 0. 0.
nan 21.352812 0.1 39.533096 0.1 33.678067 136.467383 0. 0.
nan 22.547407 0.1 41.618263 0.1 33.477217 136.926433 0. 0.
nan 21.374559 0.1 39.186203 0.1 33.358433 136.921583 0. 0.
nan 20.624958 0.1 38.464897 0.1 33.361333 136.807217 0. 0.
nan 21.457298 0.1 39.817364 0.1 33.466417 136.803850 0. 0.
nan 18.378628 0.1 34.054348 0.1 33.058383 136.831317 0. 0.
nan 18.913052 0.1 34.243820 0.1 33.053333 136.933483 0. 0.
nan 17.161379 0.1 31.537872 0.1 33.003250 136.778983 0. 0.
nan 18.336731 0.1 33.201855 0.1 33.127850 136.818817 0. 0.
nan 18.232090 0.1 33.796345 0.1 33.220050 136.690333 0. 0.
nan 16.795364 0.1 31.041399 0.1 33.172667 136.576950 0. 0.
nan 17.495703 0.1 32.924511 0.1 33.233100 136.563050 0. 0.
nan 18.342371 0.1 34.267632 0.1 33.304500 136.595800 0. 0.
nan 18.870916 0.1 35.119518 0.1 33.484967 136.445050 0. 0.
nan 17.368906 0.1 32.303711 0.1 33.385983 136.382783 0. 0.
nan 17.102318 0.1 31.522697 0.1 33.445900 136.256433 0. 0.
nan 18.728277 0.1 34.649403 0.1 33.544400 136.332467 0. 0.
nan 16.449078 0.1 30.132114 0.1 32.950627 136.741655 0. 0.
nan 15.965241 0.1 29.563572 0.1 33.330283 136.270167 0. 0.
nan 16.978359 0.1 30.518269 0.1 33.408480 134.744900 0. 0.
nan 15.638048 0.1 28.307228 0.1 33.339293 134.864088 0. 0.
nan 15.779556 0.1 28.686733 0.1 33.248992 134.769132 0. 0.
nan 17.112728 0.1 31.232567 0.1 33.320523 134.672350 0. 0.
nan 14.048245 0.1 25.339035 0.1 33.322233 135.066732 0. 0.
nan 12.670862 0.1 23.459812 0.1 33.225200 135.169833 0. 0.
nan 12.694192 0.1 23.835711 0.1 33.175517 135.096383 0. 0.
nan 14.179500 0.1 25.867525 0.1 33.275027 134.986863 0. 0.
nan 11.571896 0.1 21.629251 0.1 33.228035 135.458452 0. 0.
nan 10.190678 0.1 19.361156 0.1 33.125067 135.524883 0. 0.
nan 9.816807 0.1 18.468048 0.1 33.083692 135.412142 0. 0.
nan 11.426643 0.1 21.636370 0.1 33.175217 135.341417 0. 0.
nan 10.530153 0.1 19.233070 0.1 33.159433 135.755700 0. 0.
nan 10.714082 0.1 19.707317 0.1 33.135933 135.858367 0. 0.
nan 11.506190 0.1 21.699505 0.1 33.141983 135.958600 0. 0.
nan 9.679420 0.1 18.821033 0.1 33.029878 135.840112 0. 0.
nan 9.559159 0.1 17.807499 0.1 33.091457 135.714368 0. 0.
nan 7.789488 0.1 14.644465 0.1 32.926983 135.774733 0. 0.
nan 7.864443 0.1 14.988809 0.1 32.891950 135.833550 0. 0.
nan 6.693202 0.1 12.758793 0.1 32.801677 135.773283 0. 0.
nan 6.744420 0.1 12.918257 0.1 32.860267 135.667000 0. 0.
nan 9.523784 0.1 17.948912 0.1 32.987950 135.225000 0. 0.
nan 7.821748 0.1 14.936681 0.1 32.882717 135.308200 0. 0.
nan 8.567531 0.1 16.352169 0.1 32.854517 135.191583 0. 0.
nan 9.200949 0.1 17.509260 0.1 32.891857 135.153747 0. 0.
nan 15.450437 0.1 28.657255 0.1 32.761517 134.516717 0. 0.
nan 14.184640 0.1 26.248400 0.1 32.708867 134.599567 0. 0.
nan 14.940462 0.1 27.561005 0.1 32.625133 134.516433 0. 0.
nan 16.113148 0.1 29.746660 0.1 32.675233 134.433400 0. 0.
nan 21.343060 0.1 38.876324 0.1 33.296480 134.194650 0. 0.
nan 21.247400 0.1 38.717682 0.1 33.295240 134.204350 0. 0.
nan 21.018826 0.1 38.205421 0.1 33.293930 134.214570 0. 0.
nan 20.796135 0.1 37.498428 0.1 33.291170 134.223480 0. 0.
nan 20.648973 0.1 37.394096 0.1 33.287430 134.232720 0. 0.
nan 20.499136 0.1 36.855099 0.1 33.284990 134.241320 0. 0.
nan 20.376720 0.1 36.645584 0.1 33.282590 134.249730 0. 0.
nan 20.273306 0.1 36.445637 0.1 33.280290 134.258190 0. 0.
nan 20.186716 0.1 36.402344 0.1 33.278060 134.266070 0. 0.
nan 20.206373 0.1 36.571754 0.1 33.271720 134.270710 0. 0.
nan 20.129873 0.1 36.422291 0.1 33.264890 134.275700 0. 0.
nan 20.043299 0.1 36.243885 0.1 33.256950 134.281510 0. 0.
nan 20.012369 0.1 36.421143 0.1 33.249410 134.287020 0. 0.
nan 19.877932 0.1 36.081059 0.1 33.241470 134.292820 0. 0.
nan 19.847151 0.1 36.215515 0.1 33.233540 134.298620 0. 0.
nan 19.762566 0.1 36.094944 0.1 33.226040 134.304090 0. 0.
nan 19.670483 0.1 35.891975 0.1 33.217880 134.308520 0. 0.
nan 19.605976 0.1 35.768753 0.1 33.209150 134.308810 0. 0.
nan 19.611748 0.1 35.834507 0.1 33.199960 134.309120 0. 0.
nan 19.590853 0.1 35.810814 0.1 33.191230 134.309410 0. 0.
nan 19.596523 0.1 35.964443 0.1 33.182240 134.309710 0. 0.
nan 19.526884 0.1 35.814522 0.1 33.173440 134.310000 0. 0.
nan 19.570374 0.1 36.007496 0.1 33.165130 134.310280 0. 0.
nan 19.517328 0.1 35.985756 0.1 33.156450 134.310570 0. 0.
nan 19.439835 0.1 35.857277 0.1 33.148210 134.310850 0. 0.
nan 19.458139 0.1 36.031174 0.1 33.139290 134.311140 0. 0.
nan 19.388578 0.1 35.792622 0.1 33.130600 134.311430 0. 0.
nan 19.381193 0.1 35.848690 0.1 33.121450 134.311740 0. 0.
nan 19.310162 0.1 35.663635 0.1 33.112290 134.312040 0. 0.
nan 19.299866 0.1 35.656277 0.1 33.103600 134.312330 0. 0.
nan 19.305851 0.1 35.796349 0.1 33.094860 134.312620 0. 0.
nan 19.282215 0.1 35.782204 0.1 33.086950 134.312880 0. 0.
nan 19.223587 0.1 35.598721 0.1 33.078630 134.313160 0. 0.
nan 19.178375 0.1 35.460850 0.1 33.070300 134.313440 0. 0.
nan 19.207584 0.1 35.650055 0.1 33.062390 134.313700 0. 0.
nan 19.105122 0.1 35.459660 0.1 33.054280 134.313970 0. 0.
nan 19.069099 0.1 35.356655 0.1 33.046760 134.314000 0. 0.
nan 19.053728 0.1 35.355000 0.1 33.038860 134.314010 0. 0.
nan 19.065397 0.1 35.439240 0.1 33.031340 134.314010 0. 0.
nan 19.044004 0.1 35.429050 0.1 33.023440 134.314010 0. 0.
nan 18.972092 0.1 35.229046 0.1 33.014400 134.314010 0. 0.
nan 18.918568 0.1 35.051151 0.1 33.004700 134.314020 0. 0.
nan 18.842762 0.1 34.851688 0.1 32.994500 134.314020 0. 0.
nan 18.809822 0.1 34.828602 0.1 32.984960 134.314930 0. 0.
nan 18.696253 0.1 34.657154 0.1 32.975560 134.319630 0. 0.
nan 18.698364 0.1 34.641678 0.1 32.967600 134.323610 0. 0.
nan 18.623173 0.1 34.590061 0.1 32.960390 134.327220 0. 0.
nan 18.552692 0.1 34.571819 0.1 32.953190 134.330820 0. 0.
nan 18.480574 0.1 34.224472 0.1 32.946340 134.334240 0. 0.
nan 18.426737 0.1 34.162189 0.1 32.939130 134.337840 0. 0.
nan 18.391012 0.1 34.181793 0.1 32.931500 134.339020 0. 0.
nan 18.410103 0.1 34.143139 0.1 32.922840 134.339020 0. 0.
nan 18.365450 0.1 34.178867 0.1 32.914590 134.339020 0. 0.
nan 18.266531 0.1 33.816101 0.1 32.905930 134.339020 0. 0.
nan 18.218435 0.1 33.749634 0.1 32.897400 134.337300 0. 0.
