# comments
nan 30.893394 0.1 55.892147 0.1 33.804783 136.557017 0. 0.
nan 31.762415 0.1 57.944408 0.1 33.752400 136.648833 0. 0.
nan 30.710403 0.1 56.133854 0.1 33.648417 136.603667 0. 0.
nan 29.505709 0.1 53.876472 0.1 33.678067 136.467383 0. 0.
nan 33.255356 0.1 60.525536 0.1 33.477217 136.926433 0. 0.
nan 32.780720 0.1 59.364735 0.1 33.358433 136.921583 0. 0.
nan 31.813543 0.1 58.226166 0.1 33.361333 136.807217 0. 0.
nan 31.971439 0.1 58.372990 0.1 33.466417 136.803850 0. 0.
nan 31.501486 0.1 57.304600 0.1 33.058383 136.831317 0. 0.
nan 32.132107 0.1 57.684109 0.1 33.053333 136.933483 0. 0.
nan 30.578663 0.1 55.314545 0.1 33.003250 136.778983 0. 0.
nan 31.016342 0.1 55.669716 0.1 33.127850 136.818817 0. 0.
nan 30.130613 0.1 54.820545 0.1 33.220050 136.690333 0. 0.
nan 28.829664 0.1 52.321957 0.1 33.172667 136.576950 0. 0.
nan 29.083290 0.1 53.406452 0.1 33.233100 136.563050 0. 0.
nan 29.471611 0.1 53.928459 0.1 33.304500 136.595800 0. 0.
nan 28.160618 0.1 51.476906 0.1 33.484967 136.445050 0. 0.
nan 27.198534 0.1 49.612537 0.1 33.385983 136.382783 0. 0.
nan 25.950104 0.1 47.042152 0.1 33.445900 136.256433 0. 0.
nan 27.289530 0.1 49.670979 0.1 33.544400 136.332467 0. 0.
nan 30.135399 0.1 54.380436 0.1 32.950627 136.741655 0. 0.
nan 25.904982 0.1 47.031654 0.1 33.330283 136.270167 0. 0.
nan 6.593473 0.1 11.681215 0.1 33.408480 134.744900 0. 0.
nan 7.847517 0.1 14.073547 0.1 33.339293 134.864088 0. 0.
nan 6.197388 0.1 11.412141 0.1 33.248992 134.769132 0. 0.
nan 5.070004 0.1 9.580898 0.1 33.320523 134.672350 0. 0.
nan 10.863298 0.1 19.116579 0.1 33.322233 135.066732 0. 0.
nan 12.650472 0.1 22.713451 0.1 33.225200 135.169833 0. 0.
nan 11.677386 0.1 21.479918 0.1 33.175517 135.096383 0. 0.
nan 9.567916 0.1 17.116341 0.1 33.275027 134.986863 0. 0.
nan 16.131140 0.1 29.429611 0.1 33.228035 135.458452 0. 0.
nan 16.990404 0.1 31.171612 0.1 33.125067 135.524883 0. 0.
nan 15.590026 0.1 28.463530 0.1 33.083692 135.412142 0. 0.
nan 14.982091 0.1 27.632114 0.1 33.175217 135.341417 0. 0.
nan 19.129389 0.1 34.285465 0.1 33.159433 135.755700 0. 0.
nan 20.424789 0.1 36.762714 0.1 33.135933 135.858367 0. 0.
nan 21.745352 0.1 39.690689 0.1 33.141983 135.958600 0. 0.
nan 20.592159 0.1 38.047474 0.1 33.029878 135.840112 0. 0.
nan 18.769241 0.1 33.954105 0.1 33.091457 135.714368 0. 0.
nan 19.590307 0.1 35.471912 0.1 32.926983 135.774733 0. 0.
nan 20.405767 0.1 37.152550 0.1 32.891950 135.833550 0. 0.
nan 19.930382 0.1 36.179592 0.1 32.801677 135.773283 0. 0.
nan 18.632206 0.1 33.920097 0.1 32.860267 135.667000 0. 0.
nan 13.653626 0.1 25.043747 0.1 32.987950 135.225000 0. 0.
nan 14.859699 0.1 27.201305 0.1 32.882717 135.308200 0. 0.
nan 13.831470 0.1 25.416309 0.1 32.854517 135.191583 0. 0.
nan 13.282435 0.1 24.508492 0.1 32.891857 135.153747 0. 0.
nan 10.325515 0.1 18.980526 0.1 32.761517 134.516717 0. 0.
nan 10.978510 0.1 20.035269 0.1 32.708867 134.599567 0. 0.
nan 11.907811 0.1 21.740231 0.1 32.625133 134.516433 0. 0.
nan 11.542893 0.1 21.164577 0.1 32.675233 134.433400 0. 0.
nan 6.794013 0.1 12.527323 0.1 33.296480 134.194650 0. 0.
nan 6.646135 0.1 12.284816 0.1 33.295240 134.204350 0. 0.
nan 6.377844 0.1 11.719351 0.1 33.293930 134.214570 0. 0.
nan 6.124066 0.1 10.962648 0.1 33.291170 134.223480 0. 0.
nan 5.932272 0.1 10.790994 0.1 33.287430 134.232720 0. 0.
nan 5.732499 0.1 10.177145 0.1 33.284990 134.241320 0. 0.
nan 5.583779 0.1 9.920324 0.1 33.282590 134.249730 0. 0.
nan 5.450446 0.1 9.675560 0.1 33.280290 134.258190 0. 0.
nan 5.313981 0.1 9.567170 0.1 33.278060 134.266070 0. 0.
nan 5.320967 0.1 9.724001 0.1 33.271720 134.270710 0. 0.
nan 5.228512 0.1 9.554441 0.1 33.264890 134.275700 0. 0.
nan 5.122983 0.1 9.365805 0.1 33.256950 134.281510 0. 0.
nan 5.084334 0.1 9.531232 0.1 33.249410 134.287020 0. 0.
nan 4.947954 0.1 9.198478 0.1 33.241470 134.292820 0. 0.
nan 4.910413 0.1 9.337294 0.1 33.233540 134.298620 0. 0.
nan 4.830517 0.1 9.223248 0.1 33.226040 134.304090 0. 0.
nan 4.747064 0.1 9.044241 0.1 33.217880 134.308520 0. 0.
nan 4.727115 0.1 9.004046 0.1 33.209150 134.308810 0. 0.
nan 4.798091 0.1 9.187315 0.1 33.199960 134.309120 0. 0.
nan 4.830367 0.1 9.259506 0.1 33.191230 134.309410 0. 0.
nan 4.891455 0.1 9.538617 0.1 33.182240 134.309710 0. 0.
nan 4.926930 0.1 9.562453 0.1 33.173440 134.310000 0. 0.
nan 5.045903 0.1 9.883027 0.1 33.165130 134.310280 0. 0.
nan 5.077233 0.1 10.001629 0.1 33.156450 134.310570 0. 0.
nan 5.121379 0.1 10.082967 0.1 33.148210 134.310850 0. 0.
nan 5.174532 0.1 10.335473 0.1 33.139290 134.311140 0. 0.
nan 5.243624 0.1 10.328595 0.1 33.130600 134.311430 0. 0.
nan 5.370865 0.1 10.634122 0.1 33.121450 134.311740 0. 0.
nan 5.444830 0.1 10.706189 0.1 33.112290 134.312040 0. 0.
nan 5.531308 0.1 10.848289 0.1 33.103600 134.312330 0. 0.
nan 5.684255 0.1 11.260539 0.1 33.094860 134.312620 0. 0.
nan 5.807106 0.1 11.493964 0.1 33.086950 134.312880 0. 0.
nan 5.865885 0.1 11.515322 0.1 33.078630 134.313160 0. 0.
nan 6.010809 0.1 11.720948 0.1 33.070300 134.313440 0. 0.
nan 6.127910 0.1 12.034349 0.1 33.062390 134.313700 0. 0.
nan 6.227739 0.1 12.186196 0.1 33.054280 134.313970 0. 0.
nan 6.246233 0.1 12.197017 0.1 33.046760 134.314000 0. 0.
nan 6.413426 0.1 12.519200 0.1 33.038860 134.314010 0. 0.
nan 6.550169 0.1 12.806173 0.1 33.031340 134.314010 0. 0.
nan 6.728880 0.1 13.155954 0.1 33.023440 134.314010 0. 0.
nan 6.854056 0.1 13.294083 0.1 33.014400 134.314010 0. 0.
nan 6.935847 0.1 13.345184 0.1 33.004700 134.314020 0. 0.
nan 7.059694 0.1 13.480019 0.1 32.994500 134.314020 0. 0.
nan 7.244672 0.1 13.849166 0.1 32.984960 134.314930 0. 0.
nan 7.396635 0.1 14.143360 0.1 32.975560 134.319630 0. 0.
nan 7.526440 0.1 14.345070 0.1 32.967600 134.323610 0. 0.
nan 7.623644 0.1 14.570493 0.1 32.960390 134.327220 0. 0.
nan 7.737516 0.1 14.899827 0.1 32.953190 134.330820 0. 0.
nan 7.866864 0.1 14.918674 0.1 32.946340 134.334240 0. 0.
nan 7.919477 0.1 15.008269 0.1 32.939130 134.337840 0. 0.
nan 8.115415 0.1 15.433488 0.1 32.931500 134.339020 0. 0.
nan 8.261813 0.1 15.626035 0.1 32.922840 134.339020 0. 0.
nan 8.463413 0.1 16.043547 0.1 32.914590 134.339020 0. 0.
nan 8.594698 0.1 16.118370 0.1 32.905930 134.339020 0. 0.
nan 8.680373 0.1 16.265064 0.1 32.897400 134.337300 0. 0.
