# comments
nan 15.216104 0.1 28.059534 0.1 33.804783 136.557017 0. 0.
nan 14.596313 0.1 27.444012 0.1 33.752400 136.648833 0. 0.
nan 13.081945 0.1 24.785032 0.1 33.648417 136.603667 0. 0.
nan 13.665517 0.1 25.670969 0.1 33.678067 136.467383 0. 0.
nan 11.473271 0.1 21.675360 0.1 33.477217 136.926433 0. 0.
nan 9.881228 0.1 18.500166 0.1 33.358433 136.921583 0. 0.
nan 9.579185 0.1 18.589273 0.1 33.361333 136.807217 0. 0.
nan 10.830551 0.1 20.691696 0.1 33.466417 136.803850 0. 0.
nan 6.510294 0.1 12.711738 0.1 33.058383 136.831317 0. 0.
nan 6.894326 0.1 12.626530 0.1 33.053333 136.933483 0. 0.
nan 5.485254 0.1 10.576138 0.1 33.003250 136.778983 0. 0.
nan 6.534449 0.1 11.988049 0.1 33.127850 136.818817 0. 0.
nan 7.229198 0.1 14.001857 0.1 33.220050 136.690333 0. 0.
nan 6.378086 0.1 12.331786 0.1 33.172667 136.576950 0. 0.
nan 7.403030 0.1 14.790738 0.1 33.233100 136.563050 0. 0.
nan 8.282030 0.1 16.156321 0.1 33.304500 136.595800 0. 0.
nan 10.862239 0.1 20.695169 0.1 33.484967 136.445050 0. 0.
nan 9.641323 0.1 18.414614 0.1 33.385983 136.382783 0. 0.
nan 10.854283 0.1 20.335806 0.1 33.445900 136.256433 0. 0.
nan 11.901818 0.1 22.356878 0.1 33.544400 136.332467 0. 0.
nan 5.058063 0.1 9.673080 0.1 32.950627 136.741655 0. 0.
nan 9.505105 0.1 17.984739 0.1 33.330283 136.270167 0. 0.
nan 24.694267 0.1 44.373890 0.1 33.408480 134.744900 0. 0.
nan 23.385509 0.1 42.198109 0.1 33.339293 134.864088 0. 0.
nan 24.357561 0.1 44.088734 0.1 33.248992 134.769132 0. 0.
nan 25.482410 0.1 46.266178 0.1 33.320523 134.672350 0. 0.
nan 20.994717 0.1 37.765884 0.1 33.322233 135.066732 0. 0.
nan 19.754553 0.1 36.163742 0.1 33.225200 135.169833 0. 0.
nan 20.659859 0.1 38.133858 0.1 33.175517 135.096383 0. 0.
nan 21.845173 0.1 39.606693 0.1 33.275027 134.986863 0. 0.
nan 16.381962 0.1 30.257689 0.1 33.228035 135.458452 0. 0.
nan 15.377154 0.1 28.647724 0.1 33.125067 135.524883 0. 0.
nan 16.543692 0.1 30.541956 0.1 33.083692 135.412142 0. 0.
nan 17.808674 0.1 33.082661 0.1 33.175217 135.341417 0. 0.
nan 12.418610 0.1 22.601562 0.1 33.159433 135.755700 0. 0.
nan 11.266937 0.1 20.672949 0.1 33.135933 135.858367 0. 0.
nan 10.406634 0.1 19.711018 0.1 33.141983 135.958600 0. 0.
nan 11.419541 0.1 21.930237 0.1 33.029878 135.840112 0. 0.
nan 12.705675 0.1 23.422838 0.1 33.091457 135.714368 0. 0.
nan 11.573204 0.1 21.423731 0.1 32.926983 135.774733 0. 0.
nan 10.958645 0.1 20.522472 0.1 32.891950 135.833550 0. 0.
nan 11.688421 0.1 21.745497 0.1 32.801677 135.773283 0. 0.
nan 12.869698 0.1 23.879276 0.1 32.860267 135.667000 0. 0.
nan 18.447567 0.1 33.953125 0.1 32.987950 135.225000 0. 0.
nan 17.244047 0.1 31.836372 0.1 32.882717 135.308200 0. 0.
nan 18.706196 0.1 34.554554 0.1 32.854517 135.191583 0. 0.
nan 19.238527 0.1 35.516689 0.1 32.891857 135.153747 0. 0.
nan 26.888519 0.1 49.222214 0.1 32.761517 134.516717 0. 0.
nan 25.773815 0.1 47.083076 0.1 32.708867 134.599567 0. 0.
nan 26.741570 0.1 48.780529 0.1 32.625133 134.516433 0. 0.
nan 27.808741 0.1 50.787441 0.1 32.675233 134.433400 0. 0.
nan 30.896654 0.1 56.024471 0.1 33.296480 134.194650 0. 0.
nan 30.776230 0.1 55.836658 0.1 33.295240 134.204350 0. 0.
nan 30.560287 0.1 55.344906 0.1 33.293930 134.214570 0. 0.
nan 30.333996 0.1 54.629250 0.1 33.291170 134.223480 0. 0.
nan 30.196535 0.1 54.542339 0.1 33.287430 134.232720 0. 0.
nan 30.030926 0.1 53.963810 0.1 33.284990 134.241320 0. 0.
nan 29.902334 0.1 53.734768 0.1 33.282590 134.249730 0. 0.
nan 29.789034 0.1 53.538986 0.1 33.280290 134.258190 0. 0.
nan 29.704546 0.1 53.501480 0.1 33.278060 134.266070 0. 0.
nan 29.735668 0.1 53.697201 0.1 33.271720 134.270710 0. 0.
nan 29.685526 0.1 53.602421 0.1 33.264890 134.275700 0. 0.
nan 29.624409 0.1 53.465645 0.1 33.256950 134.281510 0. 0.
nan 29.620033 0.1 53.696198 0.1 33.249410 134.287020 0. 0.
nan 29.522976 0.1 53.423424 0.1 33.241470 134.292820 0. 0.
nan 29.529110 0.1 53.615723 0.1 33.233540 134.298620 0. 0.
nan 29.473139 0.1 53.543716 0.1 33.226040 134.304090 0. 0.
nan 29.408886 0.1 53.391777 0.1 33.217880 134.308520 0. 0.
nan 29.387291 0.1 53.343472 0.1 33.209150 134.308810 0. 0.
nan 29.440023 0.1 53.494698 0.1 33.199960 134.309120 0. 0.
nan 29.447697 0.1 53.525703 0.1 33.191230 134.309410 0. 0.
nan 29.488054 0.1 53.753445 0.1 33.182240 134.309710 0. 0.
nan 29.472044 0.1 53.690617 0.1 33.173440 134.310000 0. 0.
nan 29.543411 0.1 53.932575 0.1 33.165130 134.310280 0. 0.
nan 29.527531 0.1 53.977024 0.1 33.156450 134.310570 0. 0.
nan 29.493479 0.1 53.929657 0.1 33.148210 134.310850 0. 0.
nan 29.524504 0.1 54.135899 0.1 33.139290 134.311140 0. 0.
nan 29.500326 0.1 53.962025 0.1 33.130600 134.311430 0. 0.
nan 29.533459 0.1 54.107384 0.1 33.121450 134.311740 0. 0.
nan 29.502365 0.1 53.995800 0.1 33.112290 134.312040 0. 0.
nan 29.516386 0.1 54.037128 0.1 33.103600 134.312330 0. 0.
nan 29.558765 0.1 54.241184 0.1 33.094860 134.312620 0. 0.
nan 29.577662 0.1 54.306435 0.1 33.086950 134.312880 0. 0.
nan 29.553101 0.1 54.187344 0.1 33.078630 134.313160 0. 0.
nan 29.542641 0.1 54.111126 0.1 33.070300 134.313440 0. 0.
nan 29.588755 0.1 54.328945 0.1 33.062390 134.313700 0. 0.
nan 29.535013 0.1 54.216785 0.1 33.054280 134.313970 0. 0.
nan 29.506918 0.1 54.136486 0.1 33.046760 134.314000 0. 0.
nan 29.531050 0.1 54.203007 0.1 33.038860 134.314010 0. 0.
nan 29.574190 0.1 54.337349 0.1 33.031340 134.314010 0. 0.
nan 29.584356 0.1 54.397854 0.1 33.023440 134.314010 0. 0.
nan 29.552528 0.1 54.254620 0.1 33.014400 134.314010 0. 0.
nan 29.527046 0.1 54.129715 0.1 33.004700 134.314020 0. 0.
nan 29.489988 0.1 54.000973 0.1 32.994500 134.314020 0. 0.
nan 29.497673 0.1 54.050163 0.1 32.984960 134.314930 0. 0.
nan 29.421223 0.1 53.947582 0.1 32.975560 134.319630 0. 0.
nan 29.447834 0.1 53.971203 0.1 32.967600 134.323610 0. 0.
nan 29.402557 0.1 53.968929 0.1 32.960390 134.327220 0. 0.
nan 29.353983 0.1 54.008827 0.1 32.953190 134.330820 0. 0.
nan 29.315746 0.1 53.713936 0.1 32.946340 134.334240 0. 0.
nan 29.274603 0.1 53.676502 0.1 32.939130 134.337840 0. 0.
nan 29.276617 0.1 53.760517 0.1 32.931500 134.339020 0. 0.
nan 29.323763 0.1 53.764896 0.1 32.922840 134.339020 0. 0.
nan 29.326542 0.1 53.887917 0.1 32.914590 134.339020 0. 0.
nan 29.263472 0.1 53.599495 0.1 32.905930 134.339020 0. 0.
nan 29.236807 0.1 53.563805 0.1 32.897400 134.337300 0. 0.
