# comments
nan 27.995964 0.1 51.035309 0.1 33.804783 136.557017 0. 0.
nan 28.743908 0.1 52.862045 0.1 33.752400 136.648833 0. 0.
nan 27.559246 0.1 50.812389 0.1 33.648417 136.603667 0. 0.
nan 26.436966 0.1 48.678940 0.1 33.678067 136.467383 0. 0.
nan 29.783695 0.1 54.618626 0.1 33.477217 136.926433 0. 0.
nan 29.159201 0.1 53.182003 0.1 33.358433 136.921583 0. 0.
nan 28.209356 0.1 52.083797 0.1 33.361333 136.807217 0. 0.
nan 28.514322 0.1 52.495552 0.1 33.466417 136.803850 0. 0.
nan 27.478210 0.1 50.400696 0.1 33.058383 136.831317 0. 0.
nan 28.102264 0.1 50.764141 0.1 33.053333 136.933483 0. 0.
nan 26.474810 0.1 48.284859 0.1 33.003250 136.778983 0. 0.
nan 27.092827 0.1 48.939941 0.1 33.127850 136.818817 0. 0.
nan 26.345659 0.1 48.361202 0.1 33.220050 136.690333 0. 0.
nan 24.990217 0.1 45.785343 0.1 33.172667 136.576950 0. 0.
nan 25.337322 0.1 47.025120 0.1 33.233100 136.563050 0. 0.
nan 25.832840 0.1 47.734306 0.1 33.304500 136.595800 0. 0.
nan 24.861387 0.1 45.881523 0.1 33.484967 136.445050 0. 0.
nan 23.767750 0.1 43.802940 0.1 33.385983 136.382783 0. 0.
nan 22.645508 0.1 41.494354 0.1 33.445900 136.256433 0. 0.
nan 24.078709 0.1 44.286415 0.1 33.544400 136.332467 0. 0.
nan 25.965504 0.1 47.245857 0.1 32.950627 136.741655 0. 0.
nan 22.393690 0.1 41.097527 0.1 33.330283 136.270167 0. 0.
nan 8.672068 0.1 15.619126 0.1 33.408480 134.744900 0. 0.
nan 8.562699 0.1 15.620581 0.1 33.339293 134.864088 0. 0.
nan 7.595132 0.1 14.052785 0.1 33.248992 134.769132 0. 0.
nan 7.947542 0.1 14.800420 0.1 33.320523 134.672350 0. 0.
nan 9.651890 0.1 17.440918 0.1 33.322233 135.066732 0. 0.
nan 10.068623 0.1 18.753922 0.1 33.225200 135.169833 0. 0.
nan 9.273073 0.1 17.720263 0.1 33.175517 135.096383 0. 0.
nan 8.815575 0.1 16.176054 0.1 33.275027 134.986863 0. 0.
nan 12.914831 0.1 24.018534 0.1 33.228035 135.458452 0. 0.
nan 13.385259 0.1 25.055704 0.1 33.125067 135.524883 0. 0.
nan 11.915742 0.1 22.214123 0.1 33.083692 135.412142 0. 0.
nan 11.694747 0.1 22.086836 0.1 33.175217 135.341417 0. 0.
nan 15.536896 0.1 28.197603 0.1 33.159433 135.755700 0. 0.
nan 16.713383 0.1 30.461432 0.1 33.135933 135.858367 0. 0.
nan 18.021879 0.1 33.365150 0.1 33.141983 135.958600 0. 0.
nan 16.628490 0.1 31.285145 0.1 33.029878 135.840112 0. 0.
nan 14.996284 0.1 27.534958 0.1 33.091457 135.714368 0. 0.
nan 15.417629 0.1 28.324772 0.1 32.926983 135.774733 0. 0.
nan 16.167973 0.1 29.889288 0.1 32.891950 135.833550 0. 0.
nan 15.535796 0.1 28.625952 0.1 32.801677 135.773283 0. 0.
nan 14.331754 0.1 26.526705 0.1 32.860267 135.667000 0. 0.
nan 9.742915 0.1 18.325871 0.1 32.987950 135.225000 0. 0.
nan 10.642052 0.1 19.952520 0.1 32.882717 135.308200 0. 0.
nan 9.587788 0.1 18.128706 0.1 32.854517 135.191583 0. 0.
nan 9.137607 0.1 17.385456 0.1 32.891857 135.153747 0. 0.
nan 7.740530 0.1 14.793487 0.1 32.761517 134.516717 0. 0.
nan 7.761645 0.1 14.690035 0.1 32.708867 134.599567 0. 0.
nan 8.782936 0.1 16.487381 0.1 32.625133 134.516433 0. 0.
nan 8.865210 0.1 16.726137 0.1 32.675233 134.433400 0. 0.
nan 10.271925 0.1 18.962343 0.1 33.296480 134.194650 0. 0.
nan 10.188927 0.1 18.829117 0.1 33.295240 134.204350 0. 0.
nan 9.963783 0.1 18.329634 0.1 33.293930 134.214570 0. 0.
nan 9.747382 0.1 17.636843 0.1 33.291170 134.223480 0. 0.
nan 9.609601 0.1 17.549257 0.1 33.287430 134.232720 0. 0.
nan 9.475325 0.1 17.031530 0.1 33.284990 134.241320 0. 0.
nan 9.357872 0.1 16.835571 0.1 33.282590 134.249730 0. 0.
nan 9.259738 0.1 16.647520 0.1 33.280290 134.258190 0. 0.
nan 9.180962 0.1 16.629984 0.1 33.278060 134.266070 0. 0.
nan 9.201791 0.1 16.802004 0.1 33.271720 134.270710 0. 0.
nan 9.129359 0.1 16.663115 0.1 33.264890 134.275700 0. 0.
nan 9.046978 0.1 16.494526 0.1 33.256950 134.281510 0. 0.
nan 9.020953 0.1 16.687555 0.1 33.249410 134.287020 0. 0.
nan 8.898992 0.1 16.365517 0.1 33.241470 134.292820 0. 0.
nan 8.882828 0.1 16.517813 0.1 33.233540 134.298620 0. 0.
nan 8.808069 0.1 16.410782 0.1 33.226040 134.304090 0. 0.
nan 8.722234 0.1 16.219927 0.1 33.217880 134.308520 0. 0.
nan 8.660643 0.1 16.102165 0.1 33.209150 134.308810 0. 0.
nan 8.669843 0.1 16.173931 0.1 33.199960 134.309120 0. 0.
nan 8.649363 0.1 16.149643 0.1 33.191230 134.309410 0. 0.
nan 8.661233 0.1 16.318224 0.1 33.182240 134.309710 0. 0.
nan 8.599913 0.1 16.181601 0.1 33.173440 134.310000 0. 0.
nan 8.646089 0.1 16.379593 0.1 33.165130 134.310280 0. 0.
nan 8.603603 0.1 16.374823 0.1 33.156450 134.310570 0. 0.
nan 8.536642 0.1 16.265825 0.1 33.148210 134.310850 0. 0.
nan 8.563147 0.1 16.463173 0.1 33.139290 134.311140 0. 0.
nan 8.514409 0.1 16.252998 0.1 33.130600 134.311430 0. 0.
nan 8.524600 0.1 16.345592 0.1 33.121450 134.311740 0. 0.
nan 8.474829 0.1 16.201157 0.1 33.112290 134.312040 0. 0.
nan 8.473625 0.1 16.212801 0.1 33.103600 134.312330 0. 0.
nan 8.502460 0.1 16.385700 0.1 33.094860 134.312620 0. 0.
nan 8.506287 0.1 16.418806 0.1 33.086950 134.312880 0. 0.
nan 8.464257 0.1 16.273056 0.1 33.078630 134.313160 0. 0.
nan 8.443933 0.1 16.177979 0.1 33.070300 134.313440 0. 0.
nan 8.483068 0.1 16.388432 0.1 33.062390 134.313700 0. 0.
nan 8.418781 0.1 16.254051 0.1 33.054280 134.313970 0. 0.
nan 8.394836 0.1 16.180317 0.1 33.046760 134.314000 0. 0.
nan 8.415486 0.1 16.237062 0.1 33.038860 134.314010 0. 0.
nan 8.452202 0.1 16.360529 0.1 33.031340 134.314010 0. 0.
nan 8.462094 0.1 16.421989 0.1 33.023440 134.314010 0. 0.
nan 8.431770 0.1 16.285088 0.1 33.014400 134.314010 0. 0.
nan 8.404322 0.1 16.155899 0.1 33.004700 134.314020 0. 0.
nan 8.374039 0.1 16.038074 0.1 32.994500 134.314020 0. 0.
nan 8.389222 0.1 16.105705 0.1 32.984960 134.314930 0. 0.
nan 8.341850 0.1 16.056145 0.1 32.975560 134.319630 0. 0.
nan 8.369816 0.1 16.083128 0.1 32.967600 134.323610 0. 0.
nan 8.351755 0.1 16.120567 0.1 32.960390 134.327220 0. 0.
nan 8.332342 0.1 16.225939 0.1 32.953190 134.330820 0. 0.
nan 8.339459 0.1 15.986379 0.1 32.946340 134.334240 0. 0.
nan 8.316855 0.1 15.983018 0.1 32.939130 134.337840 0. 0.
nan 8.348735 0.1 16.135469 0.1 32.931500 134.339020 0. 0.
nan 8.405468 0.1 16.151737 0.1 32.922840 134.339020 0. 0.
nan 8.445579 0.1 16.333508 0.1 32.914590 134.339020 0. 0.
nan 8.424079 0.1 16.132133 0.1 32.905930 134.339020 0. 0.
nan 8.420897 0.1 16.131565 0.1 32.897400 134.337300 0. 0.
