# comments
nan 14.253158 0.1 26.274168 0.1 33.804783 136.557017 0. 0.
nan 14.736288 0.1 27.634750 0.1 33.752400 136.648833 0. 0.
nan 13.349182 0.1 25.205917 0.1 33.648417 136.603667 0. 0.
nan 12.396449 0.1 23.389187 0.1 33.678067 136.467383 0. 0.
nan 15.419250 0.1 28.725843 0.1 33.477217 136.926433 0. 0.
nan 14.872021 0.1 27.438087 0.1 33.358433 136.921583 0. 0.
nan 13.887487 0.1 26.280632 0.1 33.361333 136.807217 0. 0.
nan 14.128085 0.1 26.575781 0.1 33.466417 136.803850 0. 0.
nan 13.975461 0.1 26.068216 0.1 33.058383 136.831317 0. 0.
nan 14.587755 0.1 26.409943 0.1 33.053333 136.933483 0. 0.
nan 13.264314 0.1 24.475239 0.1 33.003250 136.778983 0. 0.
nan 13.327947 0.1 24.138330 0.1 33.127850 136.818817 0. 0.
nan 12.279756 0.1 23.015146 0.1 33.220050 136.690333 0. 0.
nan 11.060325 0.1 20.693514 0.1 33.172667 136.576950 0. 0.
nan 11.209025 0.1 21.574457 0.1 33.233100 136.563050 0. 0.
nan 11.530515 0.1 21.973715 0.1 33.304500 136.595800 0. 0.
nan 10.458995 0.1 19.947309 0.1 33.484967 136.445050 0. 0.
nan 9.311489 0.1 17.776094 0.1 33.385983 136.382783 0. 0.
nan 8.261084 0.1 15.606753 0.1 33.445900 136.256433 0. 0.
nan 9.827790 0.1 18.599602 0.1 33.544400 136.332467 0. 0.
nan 13.032783 0.1 23.938225 0.1 32.950627 136.741655 0. 0.
nan 7.973051 0.1 15.138672 0.1 33.330283 136.270167 0. 0.
nan 16.127182 0.1 28.960175 0.1 33.408480 134.744900 0. 0.
nan 14.940714 0.1 26.993153 0.1 33.339293 134.864088 0. 0.
nan 16.152193 0.1 29.321915 0.1 33.248992 134.769132 0. 0.
nan 17.112234 0.1 31.202461 0.1 33.320523 134.672350 0. 0.
nan 12.463326 0.1 22.395710 0.1 33.322233 135.066732 0. 0.
nan 11.495122 0.1 21.279148 0.1 33.225200 135.169833 0. 0.
nan 12.650810 0.1 23.723425 0.1 33.175517 135.096383 0. 0.
nan 13.514427 0.1 24.582722 0.1 33.275027 134.986863 0. 0.
nan 8.008703 0.1 15.171841 0.1 33.228035 135.458452 0. 0.
nan 7.807374 0.1 15.037374 0.1 33.125067 135.524883 0. 0.
nan 9.177044 0.1 17.265802 0.1 33.083692 135.412142 0. 0.
nan 9.724730 0.1 18.521158 0.1 33.175217 135.341417 0. 0.
nan 5.068669 0.1 9.404862 0.1 33.159433 135.755700 0. 0.
nan 5.033853 0.1 9.469528 0.1 33.135933 135.858367 0. 0.
nan 5.323150 0.1 10.540545 0.1 33.141983 135.958600 0. 0.
nan 6.607613 0.1 13.251307 0.1 33.029878 135.840112 0. 0.
nan 6.090215 0.1 11.519381 0.1 33.091457 135.714368 0. 0.
nan 7.558776 0.1 14.175867 0.1 32.926983 135.774733 0. 0.
nan 7.930514 0.1 15.055766 0.1 32.891950 135.833550 0. 0.
nan 9.122606 0.1 17.100344 0.1 32.801677 135.773283 0. 0.
nan 8.808572 0.1 16.556345 0.1 32.860267 135.667000 0. 0.
nan 11.614477 0.1 21.639763 0.1 32.987950 135.225000 0. 0.
nan 11.392478 0.1 21.285107 0.1 32.882717 135.308200 0. 0.
nan 12.763139 0.1 23.829782 0.1 32.854517 135.191583 0. 0.
nan 12.985426 0.1 24.250462 0.1 32.891857 135.153747 0. 0.
nan 20.528803 0.1 37.742157 0.1 32.761517 134.516717 0. 0.
nan 19.737488 0.1 36.197540 0.1 32.708867 134.599567 0. 0.
nan 20.968428 0.1 38.367996 0.1 32.625133 134.516433 0. 0.
nan 21.741568 0.1 39.844940 0.1 32.675233 134.433400 0. 0.
nan 22.746614 0.1 41.360477 0.1 33.296480 134.194650 0. 0.
nan 22.622438 0.1 41.166813 0.1 33.295240 134.204350 0. 0.
nan 22.414978 0.1 40.684181 0.1 33.293930 134.214570 0. 0.
nan 22.190708 0.1 39.963142 0.1 33.291170 134.223480 0. 0.
nan 22.063065 0.1 39.890224 0.1 33.287430 134.232720 0. 0.
nan 21.887383 0.1 39.307350 0.1 33.284990 134.241320 0. 0.
nan 21.760813 0.1 39.078564 0.1 33.282590 134.249730 0. 0.
nan 21.651131 0.1 38.891079 0.1 33.280290 134.258190 0. 0.
nan 21.577269 0.1 38.865513 0.1 33.278060 134.266070 0. 0.
nan 21.616789 0.1 39.079521 0.1 33.271720 134.270710 0. 0.
nan 21.587347 0.1 39.027069 0.1 33.264890 134.275700 0. 0.
nan 21.542679 0.1 38.915112 0.1 33.256950 134.281510 0. 0.
nan 21.554701 0.1 39.170937 0.1 33.249410 134.287020 0. 0.
nan 21.474983 0.1 38.926960 0.1 33.241470 134.292820 0. 0.
nan 21.499111 0.1 39.156380 0.1 33.233540 134.298620 0. 0.
nan 21.467312 0.1 39.134724 0.1 33.226040 134.304090 0. 0.
nan 21.428698 0.1 39.022667 0.1 33.217880 134.308520 0. 0.
nan 21.431200 0.1 39.014740 0.1 33.209150 134.308810 0. 0.
nan 21.510145 0.1 39.208073 0.1 33.199960 134.309120 0. 0.
nan 21.533653 0.1 39.269978 0.1 33.191230 134.309410 0. 0.
nan 21.592220 0.1 39.539238 0.1 33.182240 134.309710 0. 0.
nan 21.608278 0.1 39.530071 0.1 33.173440 134.310000 0. 0.
nan 21.699125 0.1 39.803429 0.1 33.165130 134.310280 0. 0.
nan 21.704498 0.1 39.883850 0.1 33.156450 134.310570 0. 0.
nan 21.702955 0.1 39.891552 0.1 33.148210 134.310850 0. 0.
nan 21.745636 0.1 40.124775 0.1 33.139290 134.311140 0. 0.
nan 21.746534 0.1 40.000008 0.1 33.130600 134.311430 0. 0.
nan 21.810793 0.1 40.194824 0.1 33.121450 134.311740 0. 0.
nan 21.809034 0.1 40.130615 0.1 33.112290 134.312040 0. 0.
nan 21.837502 0.1 40.201912 0.1 33.103600 134.312330 0. 0.
nan 21.908270 0.1 40.455208 0.1 33.094860 134.312620 0. 0.
nan 21.948729 0.1 40.557217 0.1 33.086950 134.312880 0. 0.
nan 21.944117 0.1 40.483021 0.1 33.078630 134.313160 0. 0.
nan 21.968063 0.1 40.467171 0.1 33.070300 134.313440 0. 0.
nan 22.024456 0.1 40.707596 0.1 33.062390 134.313700 0. 0.
nan 22.007114 0.1 40.657185 0.1 33.054280 134.313970 0. 0.
nan 21.987776 0.1 40.593117 0.1 33.046760 134.314000 0. 0.
nan 22.043085 0.1 40.716721 0.1 33.038860 134.314010 0. 0.
nan 22.106373 0.1 40.887562 0.1 33.031340 134.314010 0. 0.
nan 22.148367 0.1 41.004204 0.1 33.023440 134.314010 0. 0.
nan 22.138363 0.1 40.913502 0.1 33.014400 134.314010 0. 0.
nan 22.139893 0.1 40.831272 0.1 33.004700 134.314020 0. 0.
nan 22.130615 0.1 40.748936 0.1 32.994500 134.314020 0. 0.
nan 22.165800 0.1 40.855808 0.1 32.984960 134.314930 0. 0.
nan 22.131639 0.1 40.825218 0.1 32.975560 134.319630 0. 0.
nan 22.175613 0.1 40.872391 0.1 32.967600 134.323610 0. 0.
nan 22.155598 0.1 40.909073 0.1 32.960390 134.327220 0. 0.
nan 22.136030 0.1 41.014122 0.1 32.953190 134.330820 0. 0.
nan 22.138590 0.1 40.775391 0.1 32.946340 134.334240 0. 0.
nan 22.112188 0.1 40.763138 0.1 32.939130 134.337840 0. 0.
nan 22.147493 0.1 40.911060 0.1 32.931500 134.339020 0. 0.
nan 22.213602 0.1 40.948261 0.1 32.922840 134.339020 0. 0.
nan 22.254990 0.1 41.131287 0.1 32.914590 134.339020 0. 0.
nan 22.232395 0.1 40.924969 0.1 32.905930 134.339020 0. 0.
nan 22.230555 0.1 40.919506 0.1 32.897400 134.337300 0. 0.
