# comments
nan 3.505576 0.1 7.454811 0.1 33.804783 136.557017 0. 0.
nan 5.804192 0.1 11.748785 0.1 33.752400 136.648833 0. 0.
nan 6.041654 0.1 12.212756 0.1 33.648417 136.603667 0. 0.
nan 3.823112 0.1 8.549946 0.1 33.678067 136.467383 0. 0.
nan 11.749082 0.1 21.680395 0.1 33.477217 136.926433 0. 0.
nan 12.530525 0.1 22.879063 0.1 33.358433 136.921583 0. 0.
nan 12.035703 0.1 22.611395 0.1 33.361333 136.807217 0. 0.
nan 10.754667 0.1 20.113232 0.1 33.466417 136.803850 0. 0.
nan 15.376232 0.1 28.202679 0.1 33.058383 136.831317 0. 0.
nan 15.379930 0.1 27.457680 0.1 33.053333 136.933483 0. 0.
nan 15.522933 0.1 28.142107 0.1 33.003250 136.778983 0. 0.
nan 14.122924 0.1 25.210682 0.1 33.127850 136.818817 0. 0.
nan 13.066607 0.1 24.053368 0.1 33.220050 136.690333 0. 0.
nan 13.275774 0.1 24.292763 0.1 33.172667 136.576950 0. 0.
nan 12.888370 0.1 24.228878 0.1 33.233100 136.563050 0. 0.
nan 11.948388 0.1 22.282818 0.1 33.304500 136.595800 0. 0.
nan 8.544844 0.1 16.266491 0.1 33.484967 136.445050 0. 0.
nan 10.564371 0.1 19.603203 0.1 33.385983 136.382783 0. 0.
nan 9.843195 0.1 18.103765 0.1 33.445900 136.256433 0. 0.
nan 7.536516 0.1 14.399682 0.1 33.544400 136.332467 0. 0.
nan 16.047375 0.1 28.981218 0.1 32.950627 136.741655 0. 0.
nan 11.871483 0.1 21.751638 0.1 33.330283 136.270167 0. 0.
nan 26.336243 0.1 47.088646 0.1 33.408480 134.744900 0. 0.
nan 25.525908 0.1 45.768909 0.1 33.339293 134.864088 0. 0.
nan 27.007854 0.1 48.555561 0.1 33.248992 134.769132 0. 0.
nan 27.584442 0.1 49.776165 0.1 33.320523 134.672350 0. 0.
nan 23.351908 0.1 41.675980 0.1 33.322233 135.066732 0. 0.
nan 22.868227 0.1 41.419704 0.1 33.225200 135.169833 0. 0.
nan 24.137568 0.1 44.075859 0.1 33.175517 135.096383 0. 0.
nan 24.503914 0.1 44.039993 0.1 33.275027 134.986863 0. 0.
nan 19.676552 0.1 35.816811 0.1 33.228035 135.458452 0. 0.
nan 19.836367 0.1 36.322361 0.1 33.125067 135.524883 0. 0.
nan 21.186745 0.1 38.523685 0.1 33.083692 135.412142 0. 0.
nan 21.463766 0.1 39.307365 0.1 33.175217 135.341417 0. 0.
nan 16.877630 0.1 30.229874 0.1 33.159433 135.755700 0. 0.
nan 16.380110 0.1 29.458017 0.1 33.135933 135.858367 0. 0.
nan 15.844527 0.1 29.040812 0.1 33.141983 135.958600 0. 0.
nan 17.972109 0.1 33.280659 0.1 33.029878 135.840112 0. 0.
nan 18.021965 0.1 32.583996 0.1 33.091457 135.714368 0. 0.
nan 19.060619 0.1 34.463154 0.1 32.926983 135.774733 0. 0.
nan 19.096766 0.1 34.738316 0.1 32.891950 135.833550 0. 0.
nan 20.415117 0.1 37.024754 0.1 32.801677 135.773283 0. 0.
nan 20.557501 0.1 37.291016 0.1 32.860267 135.667000 0. 0.
nan 23.632826 0.1 42.911186 0.1 32.987950 135.225000 0. 0.
nan 23.526155 0.1 42.738384 0.1 32.882717 135.308200 0. 0.
nan 24.879848 0.1 45.266514 0.1 32.854517 135.191583 0. 0.
nan 25.066267 0.1 45.639584 0.1 32.891857 135.153747 0. 0.
nan 32.323956 0.1 58.653454 0.1 32.761517 134.516717 0. 0.
nan 31.649307 0.1 57.312256 0.1 32.708867 134.599567 0. 0.
nan 32.910656 0.1 59.537895 0.1 32.625133 134.516433 0. 0.
nan 33.591488 0.1 60.848038 0.1 32.675233 134.433400 0. 0.
nan 33.128658 0.1 59.750095 0.1 33.296480 134.194650 0. 0.
nan 33.001472 0.1 59.561516 0.1 33.295240 134.204350 0. 0.
nan 32.814915 0.1 59.111446 0.1 33.293930 134.214570 0. 0.
nan 32.597244 0.1 58.406231 0.1 33.291170 134.223480 0. 0.
nan 32.487865 0.1 58.367527 0.1 33.287430 134.232720 0. 0.
nan 32.318508 0.1 57.786366 0.1 33.284990 134.241320 0. 0.
nan 32.202072 0.1 57.561455 0.1 33.282590 134.249730 0. 0.
nan 32.098728 0.1 57.388947 0.1 33.280290 134.258190 0. 0.
nan 32.042431 0.1 57.395901 0.1 33.278060 134.266070 0. 0.
nan 32.093113 0.1 57.627575 0.1 33.271720 134.270710 0. 0.
nan 32.088894 0.1 57.620815 0.1 33.264890 134.275700 0. 0.
nan 32.065456 0.1 57.544991 0.1 33.256950 134.281510 0. 0.
nan 32.103355 0.1 57.844505 0.1 33.249410 134.287020 0. 0.
nan 32.047829 0.1 57.639557 0.1 33.241470 134.292820 0. 0.
nan 32.097542 0.1 57.911884 0.1 33.233540 134.298620 0. 0.
nan 32.090942 0.1 57.933205 0.1 33.226040 134.304090 0. 0.
nan 32.077217 0.1 57.879513 0.1 33.217880 134.308520 0. 0.
nan 32.115673 0.1 57.933865 0.1 33.209150 134.308810 0. 0.
nan 32.231487 0.1 58.184071 0.1 33.199960 134.309120 0. 0.
nan 32.277615 0.1 58.284565 0.1 33.191230 134.309410 0. 0.
nan 32.358906 0.1 58.597572 0.1 33.182240 134.309710 0. 0.
nan 32.401115 0.1 58.634518 0.1 33.173440 134.310000 0. 0.
nan 32.510815 0.1 58.942322 0.1 33.165130 134.310280 0. 0.
nan 32.536205 0.1 59.055672 0.1 33.156450 134.310570 0. 0.
nan 32.562210 0.1 59.112236 0.1 33.148210 134.310850 0. 0.
nan 32.619728 0.1 59.367195 0.1 33.139290 134.311140 0. 0.
nan 32.650497 0.1 59.299759 0.1 33.130600 134.311430 0. 0.
nan 32.741058 0.1 59.539391 0.1 33.121450 134.311740 0. 0.
nan 32.766918 0.1 59.524883 0.1 33.112290 134.312040 0. 0.
nan 32.809338 0.1 59.622395 0.1 33.103600 134.312330 0. 0.
nan 32.907413 0.1 59.932068 0.1 33.094860 134.312620 0. 0.
nan 32.971306 0.1 60.064217 0.1 33.086950 134.312880 0. 0.
nan 32.977974 0.1 60.014317 0.1 33.078630 134.313160 0. 0.
nan 33.036816 0.1 60.057137 0.1 33.070300 134.313440 0. 0.
nan 33.102871 0.1 60.312130 0.1 33.062390 134.313700 0. 0.
nan 33.107880 0.1 60.306862 0.1 33.054280 134.313970 0. 0.
nan 33.094353 0.1 60.255772 0.1 33.046760 134.314000 0. 0.
nan 33.177128 0.1 60.429245 0.1 33.038860 134.314010 0. 0.
nan 33.254364 0.1 60.623959 0.1 33.031340 134.314010 0. 0.
nan 33.324539 0.1 60.788834 0.1 33.023440 134.314010 0. 0.
nan 33.334938 0.1 60.736046 0.1 33.014400 134.314010 0. 0.
nan 33.350338 0.1 60.674919 0.1 33.004700 134.314020 0. 0.
nan 33.364883 0.1 60.633919 0.1 32.994500 134.314020 0. 0.
nan 33.419800 0.1 60.792419 0.1 32.984960 134.314930 0. 0.
nan 33.419510 0.1 60.825691 0.1 32.975560 134.319630 0. 0.
nan 33.476273 0.1 60.892391 0.1 32.967600 134.323610 0. 0.
nan 33.473522 0.1 60.955070 0.1 32.960390 134.327220 0. 0.
nan 33.467247 0.1 61.083397 0.1 32.953190 134.330820 0. 0.
nan 33.497223 0.1 60.890278 0.1 32.946340 134.334240 0. 0.
nan 33.481911 0.1 60.896225 0.1 32.939130 134.337840 0. 0.
nan 33.538692 0.1 61.091686 0.1 32.931500 134.339020 0. 0.
nan 33.616421 0.1 61.144905 0.1 32.922840 134.339020 0. 0.
nan 33.677841 0.1 61.363434 0.1 32.914590 134.339020 0. 0.
nan 33.676029 0.1 61.199665 0.1 32.905930 134.339020 0. 0.
nan 33.689293 0.1 61.218868 0.1 32.897400 134.337300 0. 0.
