# comments
nan 13.654645 0.1 25.248898 0.1 33.804783 136.557017 0. 0.
nan 13.257162 0.1 25.019688 0.1 33.752400 136.648833 0. 0.
nan 11.661832 0.1 22.224119 0.1 33.648417 136.603667 0. 0.
nan 11.926208 0.1 22.531460 0.1 33.678067 136.467383 0. 0.
nan 11.149269 0.1 21.087233 0.1 33.477217 136.926433 0. 0.
nan 9.888399 0.1 18.507349 0.1 33.358433 136.921583 0. 0.
nan 9.214191 0.1 17.925877 0.1 33.361333 136.807217 0. 0.
nan 10.192138 0.1 19.531549 0.1 33.466417 136.803850 0. 0.
nan 7.552200 0.1 14.557921 0.1 33.058383 136.831317 0. 0.
nan 8.128623 0.1 14.825418 0.1 33.053333 136.933483 0. 0.
nan 6.711438 0.1 12.745518 0.1 33.003250 136.778983 0. 0.
nan 7.173826 0.1 13.118436 0.1 33.127850 136.818817 0. 0.
nan 6.910414 0.1 13.442566 0.1 33.220050 136.690333 0. 0.
nan 5.714001 0.1 11.145746 0.1 33.172667 136.576950 0. 0.
nan 6.415221 0.1 13.011126 0.1 33.233100 136.563050 0. 0.
nan 7.233462 0.1 14.281015 0.1 33.304500 136.595800 0. 0.
nan 9.044711 0.1 17.429914 0.1 33.484967 136.445050 0. 0.
nan 7.659733 0.1 14.843797 0.1 33.385983 136.382783 0. 0.
nan 8.625216 0.1 16.323151 0.1 33.445900 136.256433 0. 0.
nan 9.849438 0.1 18.665384 0.1 33.544400 136.332467 0. 0.
nan 6.453713 0.1 12.153883 0.1 32.950627 136.741655 0. 0.
nan 7.262672 0.1 13.956059 0.1 33.330283 136.270167 0. 0.
nan 22.649544 0.1 40.698196 0.1 33.408480 134.744900 0. 0.
nan 21.376080 0.1 38.594036 0.1 33.339293 134.864088 0. 0.
nan 22.427603 0.1 40.629532 0.1 33.248992 134.769132 0. 0.
nan 23.506744 0.1 42.715809 0.1 33.320523 134.672350 0. 0.
nan 18.955063 0.1 34.091190 0.1 33.322233 135.066732 0. 0.
nan 17.777521 0.1 32.597729 0.1 33.225200 135.169833 0. 0.
nan 18.762861 0.1 34.719711 0.1 33.175517 135.096383 0. 0.
nan 19.870859 0.1 36.048161 0.1 33.275027 134.986863 0. 0.
nan 14.322533 0.1 26.544403 0.1 33.228035 135.458452 0. 0.
nan 13.458764 0.1 25.189594 0.1 33.125067 135.524883 0. 0.
nan 14.720836 0.1 27.253531 0.1 33.083692 135.412142 0. 0.
nan 15.845213 0.1 29.544680 0.1 33.175217 135.341417 0. 0.
nan 10.350678 0.1 18.878990 0.1 33.159433 135.755700 0. 0.
nan 9.217284 0.1 16.985697 0.1 33.135933 135.858367 0. 0.
nan 8.310542 0.1 15.936920 0.1 33.141983 135.958600 0. 0.
nan 9.671854 0.1 18.779667 0.1 33.029878 135.840112 0. 0.
nan 10.810736 0.1 20.012600 0.1 33.091457 135.714368 0. 0.
nan 10.131379 0.1 18.823004 0.1 32.926983 135.774733 0. 0.
nan 9.661618 0.1 18.192850 0.1 32.891950 135.833550 0. 0.
nan 10.657619 0.1 19.891674 0.1 32.801677 135.773283 0. 0.
nan 11.581871 0.1 21.561377 0.1 32.860267 135.667000 0. 0.
nan 16.808317 0.1 31.001345 0.1 32.987950 135.225000 0. 0.
nan 15.804516 0.1 29.241289 0.1 32.882717 135.308200 0. 0.
nan 17.295593 0.1 32.002457 0.1 32.854517 135.191583 0. 0.
nan 17.759874 0.1 32.853947 0.1 32.891857 135.153747 0. 0.
nan 25.503744 0.1 46.725063 0.1 32.761517 134.516717 0. 0.
nan 24.468187 0.1 44.739220 0.1 32.708867 134.599567 0. 0.
nan 25.516571 0.1 46.572006 0.1 32.625133 134.516433 0. 0.
nan 26.513168 0.1 48.460716 0.1 32.675233 134.433400 0. 0.
nan 29.003941 0.1 52.618530 0.1 33.296480 134.194650 0. 0.
nan 28.882015 0.1 52.428593 0.1 33.295240 134.204350 0. 0.
nan 28.669628 0.1 51.939251 0.1 33.293930 134.214570 0. 0.
nan 28.444101 0.1 51.221474 0.1 33.291170 134.223480 0. 0.
nan 28.310593 0.1 51.140621 0.1 33.287430 134.232720 0. 0.
nan 28.141260 0.1 50.559681 0.1 33.284990 134.241320 0. 0.
nan 28.012320 0.1 50.330379 0.1 33.282590 134.249730 0. 0.
nan 27.900637 0.1 50.138416 0.1 33.280290 134.258190 0. 0.
nan 27.820831 0.1 50.107109 0.1 33.278060 134.266070 0. 0.
nan 27.855192 0.1 50.309319 0.1 33.271720 134.270710 0. 0.
nan 27.810518 0.1 50.225616 0.1 33.264890 134.275700 0. 0.
nan 27.753950 0.1 50.096336 0.1 33.256950 134.281510 0. 0.
nan 27.755026 0.1 50.335754 0.1 33.249410 134.287020 0. 0.
nan 27.663311 0.1 50.071957 0.1 33.241470 134.292820 0. 0.
nan 27.675602 0.1 50.276512 0.1 33.233540 134.298620 0. 0.
nan 27.629576 0.1 50.223354 0.1 33.226040 134.304090 0. 0.
nan 27.569742 0.1 50.079834 0.1 33.217880 134.308520 0. 0.
nan 27.555565 0.1 50.044159 0.1 33.209150 134.308810 0. 0.
nan 27.617632 0.1 50.209118 0.1 33.199960 134.309120 0. 0.
nan 27.629948 0.1 50.247875 0.1 33.191230 134.309410 0. 0.
nan 27.676077 0.1 50.488331 0.1 33.182240 134.309710 0. 0.
nan 27.671101 0.1 50.443783 0.1 33.173440 134.310000 0. 0.
nan 27.748049 0.1 50.694298 0.1 33.165130 134.310280 0. 0.
nan 27.738747 0.1 50.748745 0.1 33.156450 134.310570 0. 0.
nan 27.714916 0.1 50.717518 0.1 33.148210 134.310850 0. 0.
nan 27.748960 0.1 50.931614 0.1 33.139290 134.311140 0. 0.
nan 27.732107 0.1 50.770370 0.1 33.130600 134.311430 0. 0.
nan 27.774952 0.1 50.929390 0.1 33.121450 134.311740 0. 0.
nan 27.752378 0.1 50.831970 0.1 33.112290 134.312040 0. 0.
nan 27.771009 0.1 50.884403 0.1 33.103600 134.312330 0. 0.
nan 27.821291 0.1 51.104675 0.1 33.094860 134.312620 0. 0.
nan 27.845972 0.1 51.183399 0.1 33.086950 134.312880 0. 0.
nan 27.828684 0.1 51.080170 0.1 33.078630 134.313160 0. 0.
nan 27.829721 0.1 51.021957 0.1 33.070300 134.313440 0. 0.
nan 27.878981 0.1 51.246628 0.1 33.062390 134.313700 0. 0.
nan 27.836239 0.1 51.150898 0.1 33.054280 134.313970 0. 0.
nan 27.810358 0.1 51.075111 0.1 33.046760 134.314000 0. 0.
nan 27.842682 0.1 51.158310 0.1 33.038860 134.314010 0. 0.
nan 27.891640 0.1 51.304085 0.1 33.031340 134.314010 0. 0.
nan 27.910868 0.1 51.382122 0.1 33.023440 134.314010 0. 0.
nan 27.885984 0.1 51.253784 0.1 33.014400 134.314010 0. 0.
nan 27.867651 0.1 51.138187 0.1 33.004700 134.314020 0. 0.
nan 27.837992 0.1 51.022179 0.1 32.994500 134.314020 0. 0.
nan 27.855005 0.1 51.087635 0.1 32.984960 134.314930 0. 0.
nan 27.789349 0.1 51.006512 0.1 32.975560 134.319630 0. 0.
nan 27.821184 0.1 51.037807 0.1 32.967600 134.323610 0. 0.
nan 27.784334 0.1 51.048820 0.1 32.960390 134.327220 0. 0.
nan 27.745634 0.1 51.107578 0.1 32.953190 134.330820 0. 0.
nan 27.716856 0.1 50.826939 0.1 32.946340 134.334240 0. 0.
nan 27.679684 0.1 50.796661 0.1 32.939130 134.337840 0. 0.
nan 27.690424 0.1 50.898788 0.1 32.931500 134.339020 0. 0.
nan 27.743362 0.1 50.910206 0.1 32.922840 134.339020 0. 0.
nan 27.757874 0.1 51.052170 0.1 32.914590 134.339020 0. 0.
nan 27.707090 0.1 50.786266 0.1 32.905930 134.339020 0. 0.
nan 27.687626 0.1 50.761166 0.1 32.897400 134.337300 0. 0.
