# comments
nan 27.410789 0.1 50.006104 0.1 33.804783 136.557017 0. 0.
nan 27.884007 0.1 51.354382 0.1 33.752400 136.648833 0. 0.
nan 26.485979 0.1 48.891415 0.1 33.648417 136.603667 0. 0.
nan 25.627140 0.1 47.225056 0.1 33.678067 136.467383 0. 0.
nan 27.909361 0.1 51.271721 0.1 33.477217 136.926433 0. 0.
nan 26.959185 0.1 49.244801 0.1 33.358433 136.921583 0. 0.
nan 26.103279 0.1 48.326832 0.1 33.361333 136.807217 0. 0.
nan 26.712526 0.1 49.281086 0.1 33.466417 136.803850 0. 0.
nan 24.447397 0.1 44.981785 0.1 33.058383 136.831317 0. 0.
nan 25.026966 0.1 45.255390 0.1 33.053333 136.933483 0. 0.
nan 23.297897 0.1 42.590965 0.1 33.003250 136.778983 0. 0.
nan 24.280533 0.1 43.909306 0.1 33.127850 136.818817 0. 0.
nan 23.897020 0.1 43.987068 0.1 33.220050 136.690333 0. 0.
nan 22.462908 0.1 41.262905 0.1 33.172667 136.576950 0. 0.
nan 23.017115 0.1 42.870575 0.1 33.233100 136.563050 0. 0.
nan 23.728497 0.1 43.967659 0.1 33.304500 136.595800 0. 0.
nan 23.547487 0.1 43.538048 0.1 33.484967 136.445050 0. 0.
nan 22.194260 0.1 40.994324 0.1 33.385983 136.382783 0. 0.
nan 21.487921 0.1 39.416111 0.1 33.445900 136.256433 0. 0.
nan 23.064825 0.1 42.446411 0.1 33.544400 136.332467 0. 0.
nan 22.651123 0.1 41.306652 0.1 32.950627 136.741655 0. 0.
nan 20.736177 0.1 38.152252 0.1 33.330283 136.270167 0. 0.
nan 13.504215 0.1 24.300295 0.1 33.408480 134.744900 0. 0.
nan 12.644191 0.1 22.946650 0.1 33.339293 134.864088 0. 0.
nan 12.091118 0.1 22.075048 0.1 33.248992 134.769132 0. 0.
nan 13.061265 0.1 23.943481 0.1 33.320523 134.672350 0. 0.
nan 12.264606 0.1 22.133387 0.1 33.322233 135.066732 0. 0.
nan 11.516595 0.1 21.379890 0.1 33.225200 135.169833 0. 0.
nan 10.856431 0.1 20.545544 0.1 33.175517 135.096383 0. 0.
nan 11.771365 0.1 21.531591 0.1 33.275027 134.986863 0. 0.
nan 12.825828 0.1 23.891485 0.1 33.228035 135.458452 0. 0.
nan 12.297875 0.1 23.121155 0.1 33.125067 135.524883 0. 0.
nan 10.964103 0.1 20.527277 0.1 33.083692 135.412142 0. 0.
nan 11.781689 0.1 22.271872 0.1 33.175217 135.341417 0. 0.
nan 14.062952 0.1 25.574755 0.1 33.159433 135.755700 0. 0.
nan 14.869751 0.1 27.172722 0.1 33.135933 135.858367 0. 0.
nan 16.042044 0.1 29.837799 0.1 33.141983 135.958600 0. 0.
nan 14.217029 0.1 26.974157 0.1 33.029878 135.840112 0. 0.
nan 13.164728 0.1 24.278280 0.1 33.091457 135.714368 0. 0.
nan 12.493854 0.1 23.088465 0.1 32.926983 135.774733 0. 0.
nan 12.995447 0.1 24.213552 0.1 32.891950 135.833550 0. 0.
nan 11.912386 0.1 22.130463 0.1 32.801677 135.773283 0. 0.
nan 11.110792 0.1 20.762302 0.1 32.860267 135.667000 0. 0.
nan 8.828875 0.1 16.706169 0.1 32.987950 135.225000 0. 0.
nan 8.266876 0.1 15.722177 0.1 32.882717 135.308200 0. 0.
nan 7.456609 0.1 14.329923 0.1 32.854517 135.191583 0. 0.
nan 7.571945 0.1 14.607352 0.1 32.891857 135.153747 0. 0.
nan 9.498430 0.1 17.963793 0.1 32.761517 134.516717 0. 0.
nan 8.383948 0.1 15.831961 0.1 32.708867 134.599567 0. 0.
nan 9.045052 0.1 16.974789 0.1 32.625133 134.516433 0. 0.
nan 10.052615 0.1 18.865173 0.1 32.675233 134.433400 0. 0.
nan 15.919282 0.1 29.111567 0.1 33.296480 134.194650 0. 0.
nan 15.846553 0.1 28.988579 0.1 33.295240 134.204350 0. 0.
nan 15.614254 0.1 28.476734 0.1 33.293930 134.214570 0. 0.
nan 15.398609 0.1 27.787704 0.1 33.291170 134.223480 0. 0.
nan 15.255305 0.1 27.690485 0.1 33.287430 134.232720 0. 0.
nan 15.123341 0.1 27.179644 0.1 33.284990 134.241320 0. 0.
nan 15.008025 0.1 26.988676 0.1 33.282590 134.249730 0. 0.
nan 14.911878 0.1 26.796461 0.1 33.280290 134.258190 0. 0.
nan 14.828596 0.1 26.773752 0.1 33.278060 134.266070 0. 0.
nan 14.843207 0.1 26.934050 0.1 33.271720 134.270710 0. 0.
nan 14.759775 0.1 26.768175 0.1 33.264890 134.275700 0. 0.
nan 14.665634 0.1 26.580179 0.1 33.256950 134.281510 0. 0.
nan 14.625705 0.1 26.745768 0.1 33.249410 134.287020 0. 0.
nan 14.482898 0.1 26.385540 0.1 33.241470 134.292820 0. 0.
nan 14.442439 0.1 26.505669 0.1 33.233540 134.298620 0. 0.
nan 14.348294 0.1 26.368599 0.1 33.226040 134.304090 0. 0.
nan 14.247732 0.1 26.148024 0.1 33.217880 134.308520 0. 0.
nan 14.162646 0.1 25.985855 0.1 33.209150 134.308810 0. 0.
nan 14.143497 0.1 26.006344 0.1 33.199960 134.309120 0. 0.
nan 14.106886 0.1 25.951221 0.1 33.191230 134.309410 0. 0.
nan 14.092107 0.1 26.069361 0.1 33.182240 134.309710 0. 0.
nan 13.994761 0.1 25.874903 0.1 33.173440 134.310000 0. 0.
nan 14.020948 0.1 26.037252 0.1 33.165130 134.310280 0. 0.
nan 13.946556 0.1 25.977888 0.1 33.156450 134.310570 0. 0.
nan 13.847005 0.1 25.811508 0.1 33.148210 134.310850 0. 0.
nan 13.861118 0.1 25.975716 0.1 33.139290 134.311140 0. 0.
nan 13.767530 0.1 25.697727 0.1 33.130600 134.311430 0. 0.
nan 13.741799 0.1 25.710854 0.1 33.121450 134.311740 0. 0.
nan 13.651764 0.1 25.495321 0.1 33.112290 134.312040 0. 0.
nan 13.623342 0.1 25.461258 0.1 33.103600 134.312330 0. 0.
nan 13.611566 0.1 25.562191 0.1 33.094860 134.312620 0. 0.
nan 13.563169 0.1 25.507069 0.1 33.086950 134.312880 0. 0.
nan 13.488770 0.1 25.295362 0.1 33.078630 134.313160 0. 0.
nan 13.425023 0.1 25.123375 0.1 33.070300 134.313440 0. 0.
nan 13.438966 0.1 25.292643 0.1 33.062390 134.313700 0. 0.
nan 13.314670 0.1 25.058020 0.1 33.054280 134.313970 0. 0.
nan 13.274630 0.1 24.945805 0.1 33.046760 134.314000 0. 0.
nan 13.238575 0.1 24.909866 0.1 33.038860 134.314010 0. 0.
nan 13.237183 0.1 24.962225 0.1 33.031340 134.314010 0. 0.
nan 13.198813 0.1 24.922710 0.1 33.023440 134.314010 0. 0.
nan 13.105819 0.1 24.693138 0.1 33.014400 134.314010 0. 0.
nan 13.039048 0.1 24.477871 0.1 33.004700 134.314020 0. 0.
nan 12.940528 0.1 24.244411 0.1 32.994500 134.314020 0. 0.
nan 12.889550 0.1 24.192097 0.1 32.984960 134.314930 0. 0.
nan 12.758642 0.1 23.991537 0.1 32.975560 134.319630 0. 0.
nan 12.748142 0.1 23.952112 0.1 32.967600 134.323610 0. 0.
nan 12.668039 0.1 23.888325 0.1 32.960390 134.327220 0. 0.
nan 12.594596 0.1 23.861692 0.1 32.953190 134.330820 0. 0.
nan 12.509140 0.1 23.499508 0.1 32.946340 134.334240 0. 0.
nan 12.454361 0.1 23.431629 0.1 32.939130 134.337840 0. 0.
nan 12.401387 0.1 23.420288 0.1 32.931500 134.339020 0. 0.
nan 12.406338 0.1 23.356316 0.1 32.922840 134.339020 0. 0.
nan 12.347258 0.1 23.366661 0.1 32.914590 134.339020 0. 0.
nan 12.237169 0.1 22.976189 0.1 32.905930 134.339020 0. 0.
nan 12.176671 0.1 22.896870 0.1 32.897400 134.337300 0. 0.
