# comments
nan 16.196594 0.1 29.759027 0.1 33.804783 136.557017 0. 0.
nan 16.563974 0.1 30.912090 0.1 33.752400 136.648833 0. 0.
nan 15.091953 0.1 28.330189 0.1 33.648417 136.603667 0. 0.
nan 14.278767 0.1 26.757723 0.1 33.678067 136.467383 0. 0.
nan 16.717035 0.1 31.054914 0.1 33.477217 136.926433 0. 0.
nan 15.959064 0.1 29.375292 0.1 33.358433 136.921583 0. 0.
nan 14.994391 0.1 28.271700 0.1 33.361333 136.807217 0. 0.
nan 15.450662 0.1 28.948093 0.1 33.466417 136.803850 0. 0.
nan 14.362321 0.1 26.760311 0.1 33.058383 136.831317 0. 0.
nan 15.006261 0.1 27.155798 0.1 33.053333 136.933483 0. 0.
nan 13.465948 0.1 24.834576 0.1 33.003250 136.778983 0. 0.
nan 13.881280 0.1 25.132309 0.1 33.127850 136.818817 0. 0.
nan 13.045038 0.1 24.399536 0.1 33.220050 136.690333 0. 0.
nan 11.680275 0.1 21.813414 0.1 33.172667 136.576950 0. 0.
nan 12.014897 0.1 23.029398 0.1 33.233100 136.563050 0. 0.
nan 12.562330 0.1 23.832954 0.1 33.304500 136.595800 0. 0.
nan 12.066164 0.1 22.837645 0.1 33.484967 136.445050 0. 0.
nan 10.722200 0.1 20.325890 0.1 33.385983 136.382783 0. 0.
nan 9.985606 0.1 18.663153 0.1 33.445900 136.256433 0. 0.
nan 11.631979 0.1 21.831394 0.1 33.544400 136.332467 0. 0.
nan 13.077233 0.1 24.020256 0.1 32.950627 136.741655 0. 0.
nan 9.217872 0.1 17.399618 0.1 33.330283 136.270167 0. 0.
nan 15.801962 0.1 28.345062 0.1 33.408480 134.744900 0. 0.
nan 14.454494 0.1 26.097704 0.1 33.339293 134.864088 0. 0.
nan 15.491599 0.1 28.105181 0.1 33.248992 134.769132 0. 0.
nan 16.615902 0.1 30.272364 0.1 33.320523 134.672350 0. 0.
nan 12.000654 0.1 21.568148 0.1 33.322233 135.066732 0. 0.
nan 10.761613 0.1 19.973330 0.1 33.225200 135.169833 0. 0.
nan 11.765025 0.1 22.121666 0.1 33.175517 135.096383 0. 0.
nan 12.896835 0.1 23.482092 0.1 33.275027 134.986863 0. 0.
nan 7.316464 0.1 13.953377 0.1 33.228035 135.458452 0. 0.
nan 6.485677 0.1 12.671838 0.1 33.125067 135.524883 0. 0.
nan 7.794034 0.1 14.795735 0.1 33.083692 135.412142 0. 0.
nan 8.804138 0.1 16.877550 0.1 33.175217 135.341417 0. 0.
nan 4.070022 0.1 7.652563 0.1 33.159433 135.755700 0. 0.
nan 4.084236 0.1 7.800907 0.1 33.135933 135.858367 0. 0.
nan 4.863698 0.1 9.728526 0.1 33.141983 135.958600 0. 0.
nan 4.829798 0.1 10.081266 0.1 33.029878 135.840112 0. 0.
nan 4.411926 0.1 8.550618 0.1 33.091457 135.714368 0. 0.
nan 5.472587 0.1 10.440495 0.1 32.926983 135.774733 0. 0.
nan 5.917421 0.1 11.451472 0.1 32.891950 135.833550 0. 0.
nan 7.007701 0.1 13.308824 0.1 32.801677 135.773283 0. 0.
nan 6.649249 0.1 12.685936 0.1 32.860267 135.667000 0. 0.
nan 10.109565 0.1 18.940308 0.1 32.987950 135.225000 0. 0.
nan 9.567203 0.1 18.012293 0.1 32.882717 135.308200 0. 0.
nan 11.016818 0.1 20.693295 0.1 32.854517 135.191583 0. 0.
nan 11.328236 0.1 21.277010 0.1 32.891857 135.153747 0. 0.
nan 19.099596 0.1 35.158264 0.1 32.761517 134.516717 0. 0.
nan 18.200243 0.1 33.421265 0.1 32.708867 134.599567 0. 0.
nan 19.383495 0.1 35.501846 0.1 32.625133 134.516433 0. 0.
nan 20.249382 0.1 37.141300 0.1 32.675233 134.433400 0. 0.
nan 22.156404 0.1 40.276833 0.1 33.296480 134.194650 0. 0.
nan 22.034529 0.1 40.084473 0.1 33.295240 134.204350 0. 0.
nan 21.821712 0.1 39.594208 0.1 33.293930 134.214570 0. 0.
nan 21.595823 0.1 38.874508 0.1 33.291170 134.223480 0. 0.
nan 21.461725 0.1 38.791882 0.1 33.287430 134.232720 0. 0.
nan 21.289238 0.1 38.210384 0.1 33.284990 134.241320 0. 0.
nan 21.160269 0.1 37.979763 0.1 33.282590 134.249730 0. 0.
nan 21.048372 0.1 37.785244 0.1 33.280290 134.258190 0. 0.
nan 20.968391 0.1 37.749084 0.1 33.278060 134.266070 0. 0.
nan 21.002640 0.1 37.950489 0.1 33.271720 134.270710 0. 0.
nan 20.957882 0.1 37.866684 0.1 33.264890 134.275700 0. 0.
nan 20.901232 0.1 37.737354 0.1 33.256950 134.281510 0. 0.
nan 20.902439 0.1 37.976761 0.1 33.249410 134.287020 0. 0.
nan 20.810965 0.1 37.713207 0.1 33.241470 134.292820 0. 0.
nan 20.823662 0.1 37.916225 0.1 33.233540 134.298620 0. 0.
nan 20.778080 0.1 37.857258 0.1 33.226040 134.304090 0. 0.
nan 20.718760 0.1 37.713570 0.1 33.217880 134.308520 0. 0.
nan 20.706705 0.1 37.681129 0.1 33.209150 134.308810 0. 0.
nan 20.771181 0.1 37.851807 0.1 33.199960 134.309120 0. 0.
nan 20.785442 0.1 37.894836 0.1 33.191230 134.309410 0. 0.
nan 20.832926 0.1 38.138798 0.1 33.182240 134.309710 0. 0.
nan 20.831503 0.1 38.099873 0.1 33.173440 134.310000 0. 0.
nan 20.911144 0.1 38.354977 0.1 33.165130 134.310280 0. 0.
nan 20.904560 0.1 38.415215 0.1 33.156450 134.310570 0. 0.
nan 20.885458 0.1 38.392860 0.1 33.148210 134.310850 0. 0.
nan 20.921131 0.1 38.610806 0.1 33.139290 134.311140 0. 0.
nan 20.908224 0.1 38.456970 0.1 33.130600 134.311430 0. 0.
nan 20.955885 0.1 38.623711 0.1 33.121450 134.311740 0. 0.
nan 20.938517 0.1 38.532497 0.1 33.112290 134.312040 0. 0.
nan 20.959600 0.1 38.589115 0.1 33.103600 134.312330 0. 0.
nan 21.014889 0.1 38.817715 0.1 33.094860 134.312620 0. 0.
nan 21.043552 0.1 38.903728 0.1 33.086950 134.312880 0. 0.
nan 21.029818 0.1 38.809082 0.1 33.078630 134.313160 0. 0.
nan 21.037401 0.1 38.761665 0.1 33.070300 134.313440 0. 0.
nan 21.089619 0.1 38.991287 0.1 33.062390 134.313700 0. 0.
nan 21.055614 0.1 38.908207 0.1 33.054280 134.313970 0. 0.
nan 21.031244 0.1 38.834492 0.1 33.046760 134.314000 0. 0.
nan 21.070004 0.1 38.927189 0.1 33.038860 134.314010 0. 0.
nan 21.124437 0.1 39.080875 0.1 33.031340 134.314010 0. 0.
nan 21.150856 0.1 39.169987 0.1 33.023440 134.314010 0. 0.
nan 21.131111 0.1 39.053669 0.1 33.014400 134.314010 0. 0.
nan 21.121195 0.1 38.948677 0.1 33.004700 134.314020 0. 0.
nan 21.097559 0.1 38.842560 0.1 32.994500 134.314020 0. 0.
nan 21.121666 0.1 38.923241 0.1 32.984960 134.314930 0. 0.
nan 21.067520 0.1 38.860146 0.1 32.975560 134.319630 0. 0.
nan 21.103678 0.1 38.898788 0.1 32.967600 134.323610 0. 0.
nan 21.073250 0.1 38.921925 0.1 32.960390 134.327220 0. 0.
nan 21.043671 0.1 39.000622 0.1 32.953190 134.330820 0. 0.
nan 21.026005 0.1 38.733662 0.1 32.946340 134.334240 0. 0.
nan 20.992853 0.1 38.710629 0.1 32.939130 134.337840 0. 0.
nan 21.014254 0.1 38.836533 0.1 32.931500 134.339020 0. 0.
nan 21.073427 0.1 38.858303 0.1 32.922840 134.339020 0. 0.
nan 21.099794 0.1 39.017284 0.1 32.914590 134.339020 0. 0.
nan 21.061600 0.1 38.775749 0.1 32.905930 134.339020 0. 0.
nan 21.050325 0.1 38.759533 0.1 32.897400 134.337300 0. 0.
