# comments
nan 17.721346 0.1 32.510090 0.1 33.804783 136.557017 0. 0.
nan 18.322193 0.1 34.086277 0.1 33.752400 136.648833 0. 0.
nan 17.006556 0.1 31.783281 0.1 33.648417 136.603667 0. 0.
nan 15.964948 0.1 29.815561 0.1 33.678067 136.467383 0. 0.
nan 19.179604 0.1 35.478718 0.1 33.477217 136.926433 0. 0.
nan 18.603489 0.1 34.133747 0.1 33.358433 136.921583 0. 0.
nan 17.620043 0.1 32.979248 0.1 33.361333 136.807217 0. 0.
nan 17.888895 0.1 33.326488 0.1 33.466417 136.803850 0. 0.
nan 17.377005 0.1 32.168545 0.1 33.058383 136.831317 0. 0.
nan 18.013338 0.1 32.553963 0.1 33.053333 136.933483 0. 0.
nan 16.531513 0.1 30.333614 0.1 33.003250 136.778983 0. 0.
nan 16.832174 0.1 30.429358 0.1 33.127850 136.818817 0. 0.
nan 15.886562 0.1 29.492828 0.1 33.220050 136.690333 0. 0.
nan 14.587883 0.1 27.028471 0.1 33.172667 136.576950 0. 0.
nan 14.825613 0.1 28.073217 0.1 33.233100 136.563050 0. 0.
nan 15.234363 0.1 28.622881 0.1 33.304500 136.595800 0. 0.
nan 14.179940 0.1 26.630816 0.1 33.484967 136.445050 0. 0.
nan 13.061432 0.1 24.508503 0.1 33.385983 136.382783 0. 0.
nan 11.941737 0.1 22.207148 0.1 33.445900 136.256433 0. 0.
nan 13.477701 0.1 25.154373 0.1 33.544400 136.332467 0. 0.
nan 16.170504 0.1 29.571632 0.1 32.950627 136.741655 0. 0.
nan 11.676375 0.1 21.774426 0.1 33.330283 136.270167 0. 0.
nan 12.706883 0.1 22.784569 0.1 33.408480 134.744900 0. 0.
nan 11.389611 0.1 20.604858 0.1 33.339293 134.864088 0. 0.
nan 12.499789 0.1 22.745531 0.1 33.248992 134.769132 0. 0.
nan 13.572008 0.1 24.810040 0.1 33.320523 134.672350 0. 0.
nan 8.916050 0.1 16.021255 0.1 33.322233 135.066732 0. 0.
nan 7.787083 0.1 14.631673 0.1 33.225200 135.169833 0. 0.
nan 8.900640 0.1 16.985983 0.1 33.175517 135.096383 0. 0.
nan 9.876245 0.1 18.042246 0.1 33.275027 134.986863 0. 0.
nan 4.739221 0.1 9.360545 0.1 33.228035 135.458452 0. 0.
nan 4.889159 0.1 9.830047 0.1 33.125067 135.524883 0. 0.
nan 5.768301 0.1 11.165013 0.1 33.083692 135.412142 0. 0.
nan 6.056591 0.1 11.966143 0.1 33.175217 135.341417 0. 0.
nan 5.155339 0.1 9.536346 0.1 33.159433 135.755700 0. 0.
nan 6.356095 0.1 11.815534 0.1 33.135933 135.858367 0. 0.
nan 7.589067 0.1 14.582959 0.1 33.141983 135.958600 0. 0.
nan 7.129731 0.1 14.186075 0.1 33.029878 135.840112 0. 0.
nan 5.321711 0.1 10.141498 0.1 33.091457 135.714368 0. 0.
nan 7.188284 0.1 13.518727 0.1 32.926983 135.774733 0. 0.
nan 7.965460 0.1 15.130427 0.1 32.891950 135.833550 0. 0.
nan 8.593328 0.1 16.163280 0.1 32.801677 135.773283 0. 0.
nan 7.577569 0.1 14.358002 0.1 32.860267 135.667000 0. 0.
nan 8.071529 0.1 15.274573 0.1 32.987950 135.225000 0. 0.
nan 8.298183 0.1 15.718224 0.1 32.882717 135.308200 0. 0.
nan 9.467874 0.1 17.906967 0.1 32.854517 135.191583 0. 0.
nan 9.561225 0.1 18.090849 0.1 32.891857 135.153747 0. 0.
nan 16.866270 0.1 31.144087 0.1 32.761517 134.516717 0. 0.
nan 16.138273 0.1 29.718927 0.1 32.708867 134.599567 0. 0.
nan 17.410542 0.1 31.951439 0.1 32.625133 134.516433 0. 0.
nan 18.120884 0.1 33.306889 0.1 32.675233 134.433400 0. 0.
nan 19.178522 0.1 34.910328 0.1 33.296480 134.194650 0. 0.
nan 19.055622 0.1 34.715992 0.1 33.295240 134.204350 0. 0.
nan 18.845133 0.1 34.226971 0.1 33.293930 134.214570 0. 0.
nan 18.619696 0.1 33.506950 0.1 33.291170 134.223480 0. 0.
nan 18.486830 0.1 33.429222 0.1 33.287430 134.232720 0. 0.
nan 18.310261 0.1 32.846424 0.1 33.284990 134.241320 0. 0.
nan 18.182327 0.1 32.616421 0.1 33.282590 134.249730 0. 0.
nan 18.071270 0.1 32.426750 0.1 33.280290 134.258190 0. 0.
nan 17.994459 0.1 32.397366 0.1 33.278060 134.266070 0. 0.
nan 18.031771 0.1 32.604710 0.1 33.271720 134.270710 0. 0.
nan 17.995047 0.1 32.532253 0.1 33.264890 134.275700 0. 0.
nan 17.943169 0.1 32.409374 0.1 33.256950 134.281510 0. 0.
nan 17.948961 0.1 32.657925 0.1 33.249410 134.287020 0. 0.
nan 17.863199 0.1 32.406223 0.1 33.241470 134.292820 0. 0.
nan 17.881718 0.1 32.624611 0.1 33.233540 134.298620 0. 0.
nan 17.843884 0.1 32.588501 0.1 33.226040 134.304090 0. 0.
nan 17.792336 0.1 32.460480 0.1 33.217880 134.308520 0. 0.
nan 17.787571 0.1 32.440018 0.1 33.209150 134.308810 0. 0.
nan 17.861340 0.1 32.623917 0.1 33.199960 134.309120 0. 0.
nan 17.881535 0.1 32.679001 0.1 33.191230 134.309410 0. 0.
nan 17.936325 0.1 32.940071 0.1 33.182240 134.309710 0. 0.
nan 17.945093 0.1 32.920563 0.1 33.173440 134.310000 0. 0.
nan 18.031378 0.1 33.186565 0.1 33.165130 134.310280 0. 0.
nan 18.032728 0.1 33.259846 0.1 33.156450 134.310570 0. 0.
nan 18.025347 0.1 33.256542 0.1 33.148210 134.310850 0. 0.
nan 18.065294 0.1 33.483299 0.1 33.139290 134.311140 0. 0.
nan 18.061802 0.1 33.345192 0.1 33.130600 134.311430 0. 0.
nan 18.121267 0.1 33.529324 0.1 33.121450 134.311740 0. 0.
nan 18.114738 0.1 33.455536 0.1 33.112290 134.312040 0. 0.
nan 18.141275 0.1 33.521774 0.1 33.103600 134.312330 0. 0.
nan 18.208101 0.1 33.767349 0.1 33.094860 134.312620 0. 0.
nan 18.245802 0.1 33.865788 0.1 33.086950 134.312880 0. 0.
nan 18.239601 0.1 33.788052 0.1 33.078630 134.313160 0. 0.
nan 18.258890 0.1 33.765751 0.1 33.070300 134.313440 0. 0.
nan 18.314510 0.1 34.004475 0.1 33.062390 134.313700 0. 0.
nan 18.295048 0.1 33.949780 0.1 33.054280 134.313970 0. 0.
nan 18.274906 0.1 33.884529 0.1 33.046760 134.314000 0. 0.
nan 18.326979 0.1 34.004250 0.1 33.038860 134.314010 0. 0.
nan 18.388798 0.1 34.173107 0.1 33.031340 134.314010 0. 0.
nan 18.428926 0.1 34.286407 0.1 33.023440 134.314010 0. 0.
nan 18.417562 0.1 34.192860 0.1 33.014400 134.314010 0. 0.
nan 18.417873 0.1 34.107811 0.1 33.004700 134.314020 0. 0.
nan 18.407139 0.1 34.021767 0.1 32.994500 134.314020 0. 0.
nan 18.441017 0.1 34.125004 0.1 32.984960 134.314930 0. 0.
nan 18.404720 0.1 34.090672 0.1 32.975560 134.319630 0. 0.
nan 18.447969 0.1 34.136932 0.1 32.967600 134.323610 0. 0.
nan 18.426704 0.1 34.172287 0.1 32.960390 134.327220 0. 0.
nan 18.406452 0.1 34.275482 0.1 32.953190 134.330820 0. 0.
nan 18.408365 0.1 34.034592 0.1 32.946340 134.334240 0. 0.
nan 18.382046 0.1 34.022522 0.1 32.939130 134.337840 0. 0.
nan 18.417835 0.1 34.171410 0.1 32.931500 134.339020 0. 0.
nan 18.484299 0.1 34.209133 0.1 32.922840 134.339020 0. 0.
nan 18.526337 0.1 34.393311 0.1 32.914590 134.339020 0. 0.
nan 18.504507 0.1 34.189945 0.1 32.905930 134.339020 0. 0.
nan 18.503342 0.1 34.186131 0.1 32.897400 134.337300 0. 0.
